./main.o

    1	     0.002
    2	     0.002
    3	     0.002
    4	     0.004
    5	     0.003
    6	     0.004
    7	     0.004
    8	     0.003
    9	     0.006
   10	     0.005
   11	     0.005
   12	     0.007
   13	     0.005
   14	     0.008
   15	     0.008
   16	     0.007
   17	     0.007
   18	     0.010
   19	     0.006
   20	     0.010
   21	     0.008
   22	     0.011
   23	     0.013
   24	     0.010
   25	     0.011
   26	     0.012
   27	     0.012
   28	     0.013
   29	     0.012
   30	     0.015
   31	     0.018
   32	     0.011
   33	     0.016
   34	     0.014
   35	     0.016
   36	     0.014
   37	     0.017
   38	     0.015
   39	     0.016
   40	     0.013
   41	     0.017
   42	     0.018
   43	     0.017
   44	     0.027
   45	     0.017
   46	     0.017
   47	     0.017
   48	     0.018
   49	     0.021
   50	     0.026
   51	     0.029
   52	     0.028
   53	     0.024
   54	     0.022
   55	     0.018
   56	     0.025
   57	     0.028
   58	     0.025
   59	     0.021
   60	     0.032
   61	     0.022
   62	     0.025
   63	     0.019
   64	     0.031
   65	     0.025
   66	     0.021
   67	     0.025
   68	     0.034
   69	     0.026
   70	     0.032
   71	     0.039
   72	     0.027
   73	     0.034
   74	     0.029
   75	     0.029
   76	     0.035
   77	     0.033
   78	     0.031
   79	     0.033
   80	     0.036
   81	     0.031
   82	     0.039
   83	     0.034
   84	     0.046
   85	     0.028
   86	     0.037
   87	     0.040
   88	     0.034
   89	     0.039
   90	     0.047
   91	     0.037
   92	     0.036
   93	     0.034
   94	     0.037
   95	     0.038
   96	     0.042
   97	     0.044
   98	     0.040
   99	     0.041
  100	     0.040
  101	     0.049
  102	     0.045
  103	     0.032
  104	     0.031
  105	     0.040
  106	     0.033
  107	     0.040
  108	     0.041
  109	     0.047
  110	     0.036
  111	     0.039
  112	     0.039
  113	     0.052
  114	     0.052
  115	     0.039
  116	     0.059
  117	     0.050
  118	     0.045
  119	     0.044
  120	     0.046
  121	     0.049
  122	     0.048
  123	     0.058
  124	     0.037
  125	     0.042
  126	     0.043
  127	     0.042
  128	     0.058
  129	     0.036
  130	     0.058
  131	     0.040
  132	     0.050
  133	     0.040
  134	     0.055
  135	     0.043
  136	     0.058
  137	     0.039
  138	     0.047
  139	     0.064
  140	     0.051
  141	     0.054
  142	     0.055
  143	     0.054
  144	     0.045
  145	     0.059
  146	     0.048
  147	     0.058
  148	     0.047
  149	     0.057
  150	     0.037
  151	     0.054
  152	     0.044
  153	     0.056
  154	     0.054
  155	     0.053
  156	     0.074
  157	     0.066
  158	     0.059
  159	     0.058
  160	     0.068
  161	     0.050
  162	     0.073
  163	     0.041
  164	     0.051
  165	     0.070
  166	     0.054
  167	     0.050
  168	     0.079
  169	     0.056
  170	     0.050
  171	     0.054
  172	     0.047
  173	     0.062
  174	     0.067
  175	     0.070
  176	     0.065
  177	     0.067
  178	     0.066
  179	     0.070
  180	     0.057
  181	     0.068
  182	     0.051
  183	     0.080
  184	     0.044
  185	     0.078
  186	     0.066
  187	     0.085
  188	     0.070
  189	     0.087
  190	     0.076
  191	     0.082
  192	     0.073
  193	     0.083
  194	     0.071
  195	     0.077
  196	     0.061
  197	     0.062
  198	     0.084
  199	     0.053
  200	     0.087
  201	     0.072
  202	     0.081
  203	     0.057
  204	     0.073
  205	     0.071
  206	     0.070
  207	     0.085
  208	     0.085
  209	     0.071
  210	     0.050
  211	     0.068
  212	     0.079
  213	     0.052
  214	     0.075
  215	     0.077
  216	     0.052
  217	     0.058
  218	     0.060
  219	     0.070
  220	     0.080
  221	     0.070
  222	     0.069
  223	     0.060
  224	     0.071
  225	     0.066
  226	     0.068
  227	     0.092
  228	     0.088
  229	     0.055
  230	     0.084
  231	     0.090
  232	     0.093
  233	     0.093
  234	     0.060
  235	     0.084
  236	     0.075
  237	     0.086
  238	     0.100
  239	     0.086
  240	     0.113
  241	     0.106
  242	     0.080
  243	     0.062
  244	     0.071
  245	     0.080
  246	     0.120
  247	     0.104
  248	     0.132
  249	     0.080
  250	     0.099
  251	     0.088
  252	     0.082
  253	     0.088
  254	     0.084
  255	     0.080
  256	     0.086
  257	     0.095
  258	     0.104
  259	     0.115
  260	     0.083
  261	     0.116
  262	     0.109
  263	     0.094
  264	     0.107
  265	     0.124
  266	     0.104
  267	     0.104
  268	     0.095
  269	     0.072
  270	     0.089
  271	     0.073
  272	     0.100
  273	     0.080
  274	     0.098
  275	     0.093
  276	     0.087
  277	     0.113
  278	     0.093
  279	     0.093
  280	     0.126
  281	     0.093
  282	     0.104
  283	     0.085
  284	     0.099
  285	     0.116
  286	     0.144
  287	     0.140
  288	     0.088
  289	     0.099
  290	     0.131
  291	     0.138
  292	     0.122
  293	     0.098
  294	     0.113
  295	     0.112
  296	     0.119
  297	     0.105
  298	     0.121
  299	     0.143
  300	     0.123
  301	     0.095
  302	     0.086
  303	     0.110
  304	     0.142
  305	     0.098
  306	     0.109
  307	     0.109
  308	     0.080
  309	     0.121
  310	     0.114
  311	     0.135
  312	     0.110
  313	     0.123
  314	     0.095
  315	     0.108
  316	     0.126
  317	     0.144
  318	     0.125
  319	     0.125
  320	     0.137
  321	     0.122
  322	     0.097
  323	     0.149
  324	     0.138
  325	     0.113
  326	     0.124
  327	     0.132
  328	     0.122
  329	     0.099
  330	     0.112
  331	     0.127
  332	     0.106
  333	     0.149
  334	     0.137
  335	     0.118
  336	     0.106
  337	     0.142
  338	     0.167
  339	     0.163
  340	     0.124
  341	     0.119
  342	     0.109
  343	     0.124
  344	     0.128
  345	     0.126
  346	     0.109
  347	     0.125
  348	     0.118
  349	     0.136
  350	     0.111
  351	     0.114
  352	     0.151
  353	     0.122
  354	     0.106
  355	     0.171
  356	     0.145
  357	     0.151
  358	     0.135
  359	     0.135
  360	     0.115
  361	     0.139
  362	     0.127
  363	     0.152
  364	     0.152
  365	     0.149
  366	     0.148
  367	     0.141
  368	     0.103
  369	     0.137
  370	     0.153
  371	     0.155
  372	     0.191
  373	     0.129
  374	     0.141
  375	     0.134
  376	     0.133
  377	     0.166
  378	     0.154
  379	     0.122
  380	     0.118
  381	     0.143
  382	     0.157
  383	     0.134
  384	     0.105
  385	     0.143
  386	     0.139
  387	     0.176
  388	     0.120
  389	     0.159
  390	     0.108
  391	     0.147
  392	     0.168
  393	     0.117
  394	     0.171
  395	     0.156
  396	     0.142
  397	     0.146
  398	     0.118
  399	     0.113
  400	     0.130
  401	     0.111
  402	     0.137
  403	     0.197
  404	     0.161
  405	     0.164
  406	     0.144
  407	     0.141
  408	     0.157
  409	     0.138
  410	     0.160
  411	     0.166
  412	     0.142
  413	     0.112
  414	     0.174
  415	     0.184
  416	     0.167
  417	     0.112
  418	     0.175
  419	     0.146
  420	     0.137
  421	     0.138
  422	     0.160
  423	     0.161
  424	     0.177
  425	     0.193
  426	     0.131
  427	     0.164
  428	     0.133
  429	     0.153
  430	     0.207
  431	     0.168
  432	     0.128
  433	     0.161
  434	     0.171
  435	     0.177
  436	     0.182
  437	     0.166
  438	     0.185
  439	     0.156
  440	     0.154
  441	     0.172
  442	     0.164
  443	     0.197
  444	     0.154
  445	     0.163
  446	     0.149
  447	     0.185
  448	     0.142
  449	     0.114
  450	     0.184
  451	     0.211
  452	     0.178
  453	     0.165
  454	     0.165
  455	     0.165
  456	     0.142
  457	     0.203
  458	     0.151
  459	     0.131
  460	     0.118
  461	     0.138
  462	     0.156
  463	     0.123
  464	     0.163
  465	     0.125
  466	     0.131
  467	     0.151
  468	     0.133
  469	     0.197
  470	     0.186
  471	     0.131
  472	     0.150
  473	     0.126
  474	     0.160
  475	     0.165
  476	     0.150
  477	     0.165
  478	     0.175
  479	     0.184
  480	     0.179
  481	     0.116
  482	     0.186
  483	     0.174
  484	     0.174
  485	     0.171
  486	     0.198
  487	     0.171
  488	     0.178
  489	     0.197
  490	     0.138
  491	     0.188
  492	     0.134
  493	     0.135
  494	     0.177
  495	     0.172
  496	     0.224
  497	     0.204
  498	     0.177
  499	     0.185
  500	     0.208
  501	     0.211
  502	     0.173
  503	     0.224
  504	     0.165
  505	     0.177
  506	     0.198
  507	     0.193
  508	     0.200
  509	     0.219
  510	     0.210
  511	     0.189
  512	     0.147
  513	     0.148
  514	     0.179
  515	     0.183
  516	     0.156
  517	     0.180
  518	     0.185
  519	     0.148
  520	     0.177
  521	     0.176
  522	     0.211
  523	     0.191
  524	     0.138
  525	     0.167
  526	     0.134
  527	     0.206
  528	     0.243
  529	     0.220
  530	     0.148
  531	     0.164
  532	     0.139
  533	     0.161
  534	     0.188
  535	     0.236
  536	     0.162
  537	     0.181
  538	     0.184
  539	     0.201
  540	     0.197
  541	     0.187
  542	     0.234
  543	     0.239
  544	     0.169
  545	     0.219
  546	     0.157
  547	     0.206
  548	     0.191
  549	     0.188
  550	     0.183
  551	     0.134
  552	     0.183
  553	     0.172
  554	     0.160
  555	     0.269
  556	     0.205
  557	     0.154
  558	     0.198
  559	     0.211
  560	     0.208
  561	     0.255
  562	     0.182
  563	     0.197
  564	     0.244
  565	     0.162
  566	     0.249
  567	     0.214
  568	     0.176
  569	     0.221
  570	     0.187
  571	     0.219
  572	     0.178
  573	     0.232
  574	     0.227
  575	     0.244
  576	     0.181
  577	     0.191
  578	     0.157
  579	     0.178
  580	     0.246
  581	     0.226
  582	     0.243
  583	     0.202
  584	     0.169
  585	     0.239
  586	     0.221
  587	     0.256
  588	     0.234
  589	     0.197
  590	     0.139
  591	     0.165
  592	     0.227
  593	     0.150
  594	     0.211
  595	     0.255
  596	     0.171
  597	     0.173
  598	     0.227
  599	     0.222
  600	     0.211
  601	     0.245
  602	     0.269
  603	     0.205
  604	     0.217
  605	     0.226
  606	     0.226
  607	     0.172
  608	     0.215
  609	     0.236
  610	     0.162
  611	     0.224
  612	     0.239
  613	     0.204
  614	     0.217
  615	     0.176
  616	     0.166
  617	     0.216
  618	     0.143
  619	     0.208
  620	     0.247
  621	     0.254
  622	     0.229
  623	     0.266
  624	     0.188
  625	     0.262
  626	     0.254
  627	     0.228
  628	     0.304
  629	     0.248
  630	     0.214
  631	     0.175
  632	     0.219
  633	     0.245
  634	     0.169
  635	     0.215
  636	     0.178
  637	     0.180
  638	     0.250
  639	     0.208
  640	     0.288
  641	     0.266
  642	     0.205
  643	     0.237
  644	     0.197
  645	     0.212
  646	     0.231
  647	     0.264
  648	     0.214
  649	     0.197
  650	     0.216
  651	     0.217
  652	     0.183
  653	     0.196
  654	     0.262
  655	     0.213
  656	     0.242
  657	     0.176
  658	     0.204
  659	     0.233
  660	     0.214
  661	     0.246
  662	     0.248
  663	     0.255
  664	     0.265
  665	     0.221
  666	     0.296
  667	     0.220
  668	     0.190
  669	     0.158
  670	     0.172
  671	     0.244
  672	     0.277
  673	     0.241
  674	     0.291
  675	     0.254
  676	     0.232
  677	     0.283
  678	     0.258
  679	     0.205
  680	     0.263
  681	     0.175
  682	     0.193
  683	     0.233
  684	     0.281
  685	     0.210
  686	     0.176
  687	     0.291
  688	     0.236
  689	     0.235
  690	     0.209
  691	     0.209
  692	     0.279
  693	     0.283
  694	     0.177
  695	     0.229
  696	     0.232
  697	     0.224
  698	     0.312
  699	     0.319
  700	     0.265
  701	     0.201
  702	     0.251
  703	     0.242
  704	     0.236
  705	     0.223
  706	     0.252
  707	     0.210
  708	     0.287
  709	     0.257
  710	     0.277
  711	     0.187
  712	     0.194
  713	     0.224
  714	     0.231
  715	     0.252
  716	     0.232
  717	     0.264
  718	     0.216
  719	     0.324
  720	     0.240
  721	     0.246
  722	     0.228
  723	     0.307
  724	     0.242
  725	     0.302
  726	     0.272
  727	     0.250
  728	     0.196
  729	     0.171
  730	     0.323
  731	     0.276
  732	     0.308
  733	     0.307
  734	     0.305
  735	     0.248
  736	     0.187
  737	     0.290
  738	     0.306
  739	     0.287
  740	     0.241
  741	     0.233
  742	     0.292
  743	     0.322
  744	     0.293
  745	     0.192
  746	     0.277
  747	     0.234
  748	     0.175
  749	     0.262
  750	     0.300
  751	     0.305
  752	     0.268
  753	     0.225
  754	     0.178
  755	     0.233
  756	     0.232
  757	     0.267
  758	     0.233
  759	     0.297
  760	     0.207
  761	     0.209
  762	     0.274
  763	     0.298
  764	     0.316
  765	     0.291
  766	     0.263
  767	     0.238
  768	     0.263
  769	     0.248
  770	     0.232
  771	     0.327
  772	     0.283
  773	     0.217
  774	     0.228
  775	     0.249
  776	     0.297
  777	     0.287
  778	     0.352
  779	     0.330
  780	     0.289
  781	     0.288
  782	     0.249
  783	     0.287
  784	     0.236
  785	     0.195
  786	     0.290
  787	     0.272
  788	     0.347
  789	     0.269
  790	     0.299
  791	     0.356
  792	     0.285
  793	     0.191
  794	     0.324
  795	     0.269
  796	     0.378
  797	     0.213
  798	     0.367
  799	     0.291
  800	     0.239
  801	     0.192
  802	     0.319
  803	     0.352
  804	     0.378
  805	     0.364
  806	     0.303
  807	     0.317
  808	     0.291
  809	     0.334
  810	     0.293
  811	     0.409
  812	     0.306
  813	     0.320
  814	     0.375
  815	     0.325
  816	     0.352
  817	     0.299
  818	     0.407
  819	     0.311
  820	     0.294
  821	     0.314
  822	     0.327
  823	     0.300
  824	     0.360
  825	     0.272
  826	     0.324
  827	     0.262
  828	     0.335
  829	     0.266
  830	     0.409
  831	     0.273
  832	     0.314
  833	     0.303
  834	     0.256
  835	     0.346
  836	     0.358
  837	     0.364
  838	     0.443
  839	     0.254
  840	     0.231
  841	     0.339
  842	     0.327
  843	     0.327
  844	     0.341
  845	     0.275
  846	     0.270
  847	     0.249
  848	     0.401
  849	     0.366
  850	     0.300
  851	     0.363
  852	     0.249
  853	     0.265
  854	     0.338
  855	     0.307
  856	     0.343
  857	     0.382
  858	     0.312
  859	     0.315
  860	     0.422
  861	     0.319
  862	     0.390
  863	     0.326
  864	     0.230
  865	     0.312
  866	     0.276
  867	     0.313
  868	     0.378
  869	     0.391
  870	     0.408
  871	     0.243
  872	     0.286
  873	     0.296
  874	     0.332
  875	     0.266
  876	     0.414
  877	     0.384
  878	     0.314
  879	     0.336
  880	     0.264
  881	     0.234
  882	     0.384
  883	     0.410
  884	     0.354
  885	     0.326
  886	     0.287
  887	     0.351
  888	     0.321
  889	     0.265
  890	     0.388
  891	     0.349
  892	     0.279
  893	     0.319
  894	     0.321
  895	     0.325
  896	     0.364
  897	     0.358
  898	     0.325
  899	     0.306
  900	     0.263
  901	     0.342
  902	     0.341
  903	     0.313
  904	     0.298
  905	     0.284
  906	     0.301
  907	     0.381
  908	     0.377
  909	     0.399
  910	     0.411
  911	     0.354
  912	     0.335
  913	     0.296
  914	     0.299
  915	     0.373
  916	     0.441
  917	     0.354
  918	     0.399
  919	     0.293
  920	     0.243
  921	     0.366
  922	     0.384
  923	     0.394
  924	     0.317
  925	     0.360
  926	     0.332
  927	     0.408
  928	     0.315
  929	     0.264
  930	     0.285
  931	     0.327
  932	     0.375
  933	     0.375
  934	     0.321
  935	     0.342
  936	     0.303
  937	     0.360
  938	     0.274
  939	     0.333
  940	     0.418
  941	     0.336
  942	     0.349
  943	     0.306
  944	     0.340
  945	     0.336
  946	     0.395
  947	     0.360
  948	     0.426
  949	     0.396
  950	     0.337
  951	     0.311
  952	     0.363
  953	     0.401
  954	     0.413
  955	     0.413
  956	     0.301
  957	     0.245
  958	     0.387
  959	     0.400
  960	     0.329
  961	     0.316
  962	     0.394
  963	     0.292
  964	     0.352
  965	     0.351
  966	     0.443
  967	     0.405
  968	     0.419
  969	     0.369
  970	     0.348
  971	     0.328
  972	     0.321
  973	     0.446
  974	     0.347
  975	     0.424
  976	     0.354
  977	     0.305
  978	     0.359
  979	     0.404
  980	     0.402
  981	     0.383
  982	     0.345
  983	     0.425
  984	     0.371
  985	     0.309
  986	     0.402
  987	     0.351
  988	     0.324
  989	     0.315
  990	     0.290
  991	     0.284
  992	     0.380
  993	     0.370
  994	     0.400
  995	     0.437
  996	     0.332
  997	     0.316
  998	     0.247
  999	     0.387
 1000	     0.445
 1001	     0.372
 1002	     0.348
 1003	     0.340
 1004	     0.356
 1005	     0.378
 1006	     0.461
 1007	     0.359
 1008	     0.283
 1009	     0.312
 1010	     0.360
 1011	     0.354
 1012	     0.335
 1013	     0.357
 1014	     0.338
 1015	     0.377
 1016	     0.362
 1017	     0.322
 1018	     0.318
 1019	     0.440
 1020	     0.464
 1021	     0.427
 1022	     0.266
 1023	     0.353
 1024	     0.335
 1025	     0.338
 1026	     0.388
 1027	     0.442
 1028	     0.346
 1029	     0.335
 1030	     0.335
 1031	     0.384
 1032	     0.371
 1033	     0.472
 1034	     0.274
 1035	     0.382
 1036	     0.312
 1037	     0.356
 1038	     0.441
 1039	     0.381
 1040	     0.450
 1041	     0.346
 1042	     0.351
 1043	     0.396
 1044	     0.397
 1045	     0.399
 1046	     0.474
 1047	     0.414
 1048	     0.353
 1049	     0.406
 1050	     0.298
 1051	     0.415
 1052	     0.411
 1053	     0.456
 1054	     0.442
 1055	     0.327
 1056	     0.311
 1057	     0.476
 1058	     0.424
 1059	     0.480
 1060	     0.508
 1061	     0.348
 1062	     0.314
 1063	     0.294
 1064	     0.395
 1065	     0.316
 1066	     0.450
 1067	     0.484
 1068	     0.294
 1069	     0.364
 1070	     0.316
 1071	     0.456
 1072	     0.435
 1073	     0.443
 1074	     0.504
 1075	     0.325
 1076	     0.319
 1077	     0.363
 1078	     0.331
 1079	     0.487
 1080	     0.276
 1081	     0.372
 1082	     0.390
 1083	     0.473
 1084	     0.382
 1085	     0.323
 1086	     0.430
 1087	     0.378
 1088	     0.312
 1089	     0.325
 1090	     0.348
 1091	     0.373
 1092	     0.373
 1093	     0.465
 1094	     0.277
 1095	     0.335
 1096	     0.306
 1097	     0.408
 1098	     0.339
 1099	     0.456
 1100	     0.340
 1101	     0.325
 1102	     0.364
 1103	     0.330
 1104	     0.464
 1105	     0.332
 1106	     0.286
 1107	     0.394
 1108	     0.375
 1109	     0.373
 1110	     0.335
 1111	     0.414
 1112	     0.275
 1113	     0.492
 1114	     0.365
 1115	     0.355
 1116	     0.478
 1117	     0.317
 1118	     0.427
 1119	     0.462
 1120	     0.346
 1121	     0.323
 1122	     0.393
 1123	     0.401
 1124	     0.454
 1125	     0.475
 1126	     0.387
 1127	     0.419
 1128	     0.345
 1129	     0.369
 1130	     0.353
 1131	     0.437
 1132	     0.505
 1133	     0.387
 1134	     0.306
 1135	     0.468
 1136	     0.376
 1137	     0.364
 1138	     0.460
 1139	     0.371
 1140	     0.352
 1141	     0.427
 1142	     0.458
 1143	     0.391
 1144	     0.397
 1145	     0.431
 1146	     0.391
 1147	     0.437
 1148	     0.477
 1149	     0.380
 1150	     0.444
 1151	     0.502
 1152	     0.380
 1153	     0.392
 1154	     0.434
 1155	     0.411
 1156	     0.471
 1157	     0.370
 1158	     0.422
 1159	     0.504
 1160	     0.404
 1161	     0.366
 1162	     0.311
 1163	     0.474
 1164	     0.457
 1165	     0.321
 1166	     0.316
 1167	     0.372
 1168	     0.386
 1169	     0.366
 1170	     0.456
 1171	     0.482
 1172	     0.552
 1173	     0.337
 1174	     0.434
 1175	     0.352
 1176	     0.454
 1177	     0.474
 1178	     0.474
 1179	     0.418
 1180	     0.399
 1181	     0.385
 1182	     0.418
 1183	     0.405
 1184	     0.420
 1185	     0.467
 1186	     0.417
 1187	     0.356
 1188	     0.497
 1189	     0.488
 1190	     0.482
 1191	     0.474
 1192	     0.425
 1193	     0.340
 1194	     0.324
 1195	     0.396
 1196	     0.428
 1197	     0.378
 1198	     0.520
 1199	     0.379
 1200	     0.326
 1201	     0.377
 1202	     0.394
 1203	     0.434
 1204	     0.492
 1205	     0.482
 1206	     0.432
 1207	     0.409
 1208	     0.433
 1209	     0.321
 1210	     0.500
 1211	     0.582
 1212	     0.502
 1213	     0.371
 1214	     0.380
 1215	     0.349
 1216	     0.457
 1217	     0.568
 1218	     0.516
 1219	     0.342
 1220	     0.415
 1221	     0.477
 1222	     0.468
 1223	     0.478
 1224	     0.448
 1225	     0.441
 1226	     0.391
 1227	     0.362
 1228	     0.493
 1229	     0.473
 1230	     0.466
 1231	     0.552
 1232	     0.386
 1233	     0.332
 1234	     0.355
 1235	     0.392
 1236	     0.462
 1237	     0.500
 1238	     0.441
 1239	     0.377
 1240	     0.417
 1241	     0.356
 1242	     0.489
 1243	     0.440
 1244	     0.554
 1245	     0.363
 1246	     0.321
 1247	     0.417
 1248	     0.383
 1249	     0.397
 1250	     0.425
 1251	     0.517
 1252	     0.369
 1253	     0.400
 1254	     0.466
 1255	     0.366
 1256	     0.369
 1257	     0.577
 1258	     0.367
 1259	     0.372
 1260	     0.356
 1261	     0.448
 1262	     0.339
 1263	     0.418
 1264	     0.492
 1265	     0.407
 1266	     0.424
 1267	     0.445
 1268	     0.372
 1269	     0.505
 1270	     0.455
 1271	     0.365
 1272	     0.480
 1273	     0.335
 1274	     0.386
 1275	     0.483
 1276	     0.506
 1277	     0.537
 1278	     0.391
 1279	     0.426
 1280	     0.504
 1281	     0.485
 1282	     0.502
 1283	     0.552
 1284	     0.401
 1285	     0.406
 1286	     0.396
 1287	     0.375
 1288	     0.486
 1289	     0.392
 1290	     0.580
 1291	     0.381
 1292	     0.379
 1293	     0.491
 1294	     0.371
 1295	     0.396
 1296	     0.508
 1297	     0.378
 1298	     0.322
 1299	     0.314
 1300	     0.393
 1301	     0.404
 1302	     0.448
 1303	     0.566
 1304	     0.353
 1305	     0.432
 1306	     0.437
 1307	     0.510
 1308	     0.419
 1309	     0.439
 1310	     0.520
 1311	     0.365
 1312	     0.382
 1313	     0.403
 1314	     0.374
 1315	     0.494
 1316	     0.450
 1317	     0.373
 1318	     0.338
 1319	     0.364
 1320	     0.440
 1321	     0.486
 1322	     0.544
 1323	     0.570
 1324	     0.427
 1325	     0.435
 1326	     0.450
 1327	     0.421
 1328	     0.383
 1329	     0.443
 1330	     0.413
 1331	     0.432
 1332	     0.448
 1333	     0.322
 1334	     0.518
 1335	     0.515
 1336	     0.476
 1337	     0.486
 1338	     0.416
 1339	     0.463
 1340	     0.525
 1341	     0.480
 1342	     0.421
 1343	     0.449
 1344	     0.501
 1345	     0.501
 1346	     0.408
 1347	     0.562
 1348	     0.453
 1349	     0.525
 1350	     0.446
 1351	     0.468
 1352	     0.378
 1353	     0.368
 1354	     0.493
 1355	     0.528
 1356	     0.330
 1357	     0.458
 1358	     0.475
 1359	     0.390
 1360	     0.537
 1361	     0.393
 1362	     0.497
 1363	     0.355
 1364	     0.504
 1365	     0.496
 1366	     0.415
 1367	     0.482
 1368	     0.518
 1369	     0.585
 1370	     0.361
 1371	     0.508
 1372	     0.525
 1373	     0.463
 1374	     0.564
 1375	     0.404
 1376	     0.363
 1377	     0.365
 1378	     0.319
 1379	     0.518
 1380	     0.395
 1381	     0.529
 1382	     0.595
 1383	     0.358
 1384	     0.428
 1385	     0.412
 1386	     0.511
 1387	     0.518
 1388	     0.535
 1389	     0.377
 1390	     0.453
 1391	     0.384
 1392	     0.450
 1393	     0.464
 1394	     0.494
 1395	     0.324
 1396	     0.421
 1397	     0.420
 1398	     0.436
 1399	     0.481
 1400	     0.383
 1401	     0.476
 1402	     0.376
 1403	     0.423
 1404	     0.460
 1405	     0.477
 1406	     0.524
 1407	     0.473
 1408	     0.614
 1409	     0.510
 1410	     0.435
 1411	     0.453
 1412	     0.540
 1413	     0.389
 1414	     0.427
 1415	     0.442
 1416	     0.386
 1417	     0.440
 1418	     0.449
 1419	     0.402
 1420	     0.328
 1421	     0.524
 1422	     0.383
 1423	     0.390
 1424	     0.449
 1425	     0.496
 1426	     0.382
 1427	     0.407
 1428	     0.451
 1429	     0.443
 1430	     0.472
 1431	     0.543
 1432	     0.502
 1433	     0.533
 1434	     0.506
 1435	     0.544
 1436	     0.423
 1437	     0.424
 1438	     0.478
 1439	     0.507
 1440	     0.395
 1441	     0.528
 1442	     0.363
 1443	     0.473
 1444	     0.523
 1445	     0.496
 1446	     0.435
 1447	     0.618
 1448	     0.432
 1449	     0.393
 1450	     0.495
 1451	     0.539
 1452	     0.517
 1453	     0.459
 1454	     0.574
 1455	     0.476
 1456	     0.501
 1457	     0.473
 1458	     0.397
 1459	     0.535
 1460	     0.541
 1461	     0.389
 1462	     0.513
 1463	     0.517
 1464	     0.359
 1465	     0.489
 1466	     0.369
 1467	     0.444
 1468	     0.423
 1469	     0.486
 1470	     0.403
 1471	     0.367
 1472	     0.561
 1473	     0.579
 1474	     0.411
 1475	     0.485
 1476	     0.410
 1477	     0.490
 1478	     0.466
 1479	     0.387
 1480	     0.657
 1481	     0.416
 1482	     0.554
 1483	     0.351
 1484	     0.466
 1485	     0.481
 1486	     0.366
 1487	     0.586
 1488	     0.429
 1489	     0.449
 1490	     0.462
 1491	     0.375
 1492	     0.392
 1493	     0.404
 1494	     0.416
 1495	     0.397
 1496	     0.413
 1497	     0.545
 1498	     0.509
 1499	     0.488
 1500	     0.597
 1501	     0.434
 1502	     0.442
 1503	     0.333
 1504	     0.521
 1505	     0.568
 1506	     0.594
 1507	     0.425
 1508	     0.461
 1509	     0.458
 1510	     0.372
 1511	     0.536
 1512	     0.527
 1513	     0.539
 1514	     0.388
 1515	     0.503
 1516	     0.511
 1517	     0.372
 1518	     0.551
 1519	     0.505
 1520	     0.451
 1521	     0.453
 1522	     0.487
 1523	     0.364
 1524	     0.573
 1525	     0.592
 1526	     0.585
 1527	     0.465
 1528	     0.503
 1529	     0.583
 1530	     0.526
 1531	     0.603
 1532	     0.365
 1533	     0.498
 1534	     0.440
 1535	     0.379
 1536	     0.521
 1537	     0.559
 1538	     0.610
 1539	     0.544
 1540	     0.486
 1541	     0.445
 1542	     0.449
 1543	     0.534
 1544	     0.392
 1545	     0.530
 1546	     0.390
 1547	     0.403
 1548	     0.545
 1549	     0.430
 1550	     0.537
 1551	     0.461
 1552	     0.573
 1553	     0.412
 1554	     0.454
 1555	     0.406
 1556	     0.498
 1557	     0.531
 1558	     0.564
 1559	     0.544
 1560	     0.414
 1561	     0.373
 1562	     0.537
 1563	     0.546
 1564	     0.410
 1565	     0.577
 1566	     0.381
 1567	     0.374
 1568	     0.436
 1569	     0.516
 1570	     0.574
 1571	     0.574
 1572	     0.625
 1573	     0.486
 1574	     0.443
 1575	     0.525
 1576	     0.578
 1577	     0.488
 1578	     0.637
 1579	     0.396
 1580	     0.387
 1581	     0.408
 1582	     0.474
 1583	     0.467
 1584	     0.480
 1585	     0.376
 1586	     0.443
 1587	     0.365
 1588	     0.494
 1589	     0.384
 1590	     0.469
 1591	     0.530
 1592	     0.428
 1593	     0.497
 1594	     0.443
 1595	     0.393
 1596	     0.472
 1597	     0.388
 1598	     0.326
 1599	     0.532
 1600	     0.511
 1601	     0.413
 1602	     0.591
 1603	     0.548
 1604	     0.435
 1605	     0.485
 1606	     0.395
 1607	     0.394
 1608	     0.528
 1609	     0.398
 1610	     0.607
 1611	     0.602
 1612	     0.479
 1613	     0.360
 1614	     0.537
 1615	     0.369
 1616	     0.593
 1617	     0.546
 1618	     0.707
 1619	     0.501
 1620	     0.501
 1621	     0.538
 1622	     0.526
 1623	     0.510
 1624	     0.667
 1625	     0.543
 1626	     0.447
 1627	     0.481
 1628	     0.592
 1629	     0.529
 1630	     0.565
 1631	     0.376
 1632	     0.464
 1633	     0.404
 1634	     0.587
 1635	     0.433
 1636	     0.583
 1637	     0.601
 1638	     0.387
 1639	     0.523
 1640	     0.441
 1641	     0.540
 1642	     0.544
 1643	     0.489
 1644	     0.582
 1645	     0.449
 1646	     0.448
 1647	     0.339
 1648	     0.494
 1649	     0.512
 1650	     0.580
 1651	     0.347
 1652	     0.511
 1653	     0.475
 1654	     0.529
 1655	     0.511
 1656	     0.562
 1657	     0.615
 1658	     0.524
 1659	     0.447
 1660	     0.456
 1661	     0.616
 1662	     0.576
 1663	     0.579
 1664	     0.564
 1665	     0.401
 1666	     0.447
 1667	     0.476
 1668	     0.499
 1669	     0.569
 1670	     0.627
 1671	     0.441
 1672	     0.402
 1673	     0.464
 1674	     0.557
 1675	     0.469
 1676	     0.538
 1677	     0.678
 1678	     0.432
 1679	     0.576
 1680	     0.495
 1681	     0.442
 1682	     0.368
 1683	     0.538
 1684	     0.446
 1685	     0.554
 1686	     0.515
 1687	     0.510
 1688	     0.429
 1689	     0.477
 1690	     0.534
 1691	     0.480
 1692	     0.556
 1693	     0.574
 1694	     0.631
 1695	     0.471
 1696	     0.621
 1697	     0.449
 1698	     0.429
 1699	     0.482
 1700	     0.449
 1701	     0.567
 1702	     0.604
 1703	     0.580
 1704	     0.384
 1705	     0.509
 1706	     0.416
 1707	     0.434
 1708	     0.613
 1709	     0.591
 1710	     0.544
 1711	     0.529
 1712	     0.514
 1713	     0.473
 1714	     0.534
 1715	     0.744
 1716	     0.679
 1717	     0.566
 1718	     0.616
 1719	     0.638
 1720	     0.563
 1721	     0.467
 1722	     0.504
 1723	     0.697
 1724	     0.591
 1725	     0.556
 1726	     0.792
 1727	     0.505
 1728	     0.611
 1729	     0.398
 1730	     0.566
 1731	     0.484
 1732	     0.601
 1733	     0.794
 1734	     0.625
 1735	     0.494
 1736	     0.652
 1737	     0.569
 1738	     0.636
 1739	     0.390
 1740	     0.484
 1741	     0.626
 1742	     0.725
 1743	     0.698
 1744	     0.696
 1745	     0.510
 1746	     0.454
 1747	     0.602
 1748	     0.493
 1749	     0.603
 1750	     0.605
 1751	     0.646
 1752	     0.556
 1753	     0.672
 1754	     0.696
 1755	     0.531
 1756	     0.513
 1757	     0.500
 1758	     0.490
 1759	     0.501
 1760	     0.565
 1761	     0.785
 1762	     0.633
 1763	     0.465
 1764	     0.429
 1765	     0.604
 1766	     0.657
 1767	     0.534
 1768	     0.432
 1769	     0.571
 1770	     0.451
 1771	     0.519
 1772	     0.514
 1773	     0.632
 1774	     0.476
 1775	     0.663
 1776	     0.563
 1777	     0.470
 1778	     0.469
 1779	     0.537
 1780	     0.496
 1781	     0.470
 1782	     0.730
 1783	     0.556
 1784	     0.567
 1785	     0.616
 1786	     0.492
 1787	     0.593
 1788	     0.598
 1789	     0.561
 1790	     0.503
 1791	     0.495
 1792	     0.557
 1793	     0.547
 1794	     0.590
 1795	     0.566
 1796	     0.467
 1797	     0.555
 1798	     0.542
 1799	     0.561
 1800	     0.575
 1801	     0.623
 1802	     0.413
 1803	     0.504
 1804	     0.568
 1805	     0.512
 1806	     0.501
 1807	     0.502
 1808	     0.569
 1809	     0.528
 1810	     0.562
 1811	     0.419
 1812	     0.452
 1813	     0.521
 1814	     0.546
 1815	     0.528
 1816	     0.438
 1817	     0.424
 1818	     0.539
 1819	     0.565
 1820	     0.622
 1821	     0.661
 1822	     0.449
 1823	     0.428
 1824	     0.612
 1825	     0.625
 1826	     0.557
 1827	     0.661
 1828	     0.484
 1829	     0.429
 1830	     0.578
 1831	     0.408
 1832	     0.587
 1833	     0.617
 1834	     0.455
 1835	     0.469
 1836	     0.594
 1837	     0.467
 1838	     0.474
 1839	     0.439
 1840	     0.550
 1841	     0.627
 1842	     0.400
 1843	     0.482
 1844	     0.603
 1845	     0.439
 1846	     0.456
 1847	     0.441
 1848	     0.515
 1849	     0.496
 1850	     0.560
 1851	     0.540
 1852	     0.455
 1853	     0.557
 1854	     0.659
 1855	     0.497
 1856	     0.566
 1857	     0.427
 1858	     0.474
 1859	     0.616
 1860	     0.628
 1861	     0.521
 1862	     0.563
 1863	     0.412
 1864	     0.651
 1865	     0.610
 1866	     0.426
 1867	     0.627
 1868	     0.439
 1869	     0.526
 1870	     0.598
 1871	     0.474
 1872	     0.573
 1873	     0.516
 1874	     0.534
 1875	     0.437
 1876	     0.499
 1877	     0.424
 1878	     0.553
 1879	     0.448
 1880	     0.614
 1881	     0.498
 1882	     0.444
 1883	     0.481
 1884	     0.585
 1885	     0.563
 1886	     0.631
 1887	     0.537
 1888	     0.545
 1889	     0.556
 1890	     0.539
 1891	     0.551
 1892	     0.575
 1893	     0.680
 1894	     0.484
 1895	     0.463
 1896	     0.573
 1897	     0.564
 1898	     0.573
 1899	     0.584
 1900	     0.584
 1901	     0.530
 1902	     0.441
 1903	     0.548
 1904	     0.475
 1905	     0.498
 1906	     0.425
 1907	     0.512
 1908	     0.372
 1909	     0.485
 1910	     0.558
 1911	     0.599
 1912	     0.579
 1913	     0.644
 1914	     0.539
 1915	     0.564
 1916	     0.520
 1917	     0.472
 1918	     0.639
 1919	     0.457
 1920	     0.473
 1921	     0.474
 1922	     0.450
 1923	     0.537
 1924	     0.433
 1925	     0.636
 1926	     0.496
 1927	     0.479
 1928	     0.410
 1929	     0.522
 1930	     0.571
 1931	     0.553
 1932	     0.484
 1933	     0.560
 1934	     0.488
 1935	     0.511
 1936	     0.515
 1937	     0.457
 1938	     0.471
 1939	     0.509
 1940	     0.537
 1941	     0.477
 1942	     0.525
 1943	     0.575
 1944	     0.600
 1945	     0.429
 1946	     0.463
 1947	     0.495
 1948	     0.491
 1949	     0.468
 1950	     0.619
 1951	     0.602
 1952	     0.458
 1953	     0.499
 1954	     0.534
 1955	     0.495
 1956	     0.463
 1957	     0.452
 1958	     0.444
 1959	     0.431
 1960	     0.554
 1961	     0.598
 1962	     0.519
 1963	     0.412
 1964	     0.633
 1965	     0.494
 1966	     0.461
 1967	     0.549
 1968	     0.466
 1969	     0.573
 1970	     0.537
 1971	     0.559
 1972	     0.627
 1973	     0.554
 1974	     0.540
 1975	     0.554
 1976	     0.523
 1977	     0.669
 1978	     0.421
 1979	     0.588
 1980	     0.521
 1981	     0.546
 1982	     0.507
 1983	     0.566
 1984	     0.643
 1985	     0.635
 1986	     0.484
 1987	     0.502
 1988	     0.510
 1989	     0.529
 1990	     0.611
 1991	     0.656
 1992	     0.516
 1993	     0.437
 1994	     0.433
 1995	     0.634
 1996	     0.484
 1997	     0.583
 1998	     0.660
 1999	     0.509
 2000	     0.537
 2001	     0.530
 2002	     0.606
 2003	     0.610
 2004	     0.409
 2005	     0.562
 2006	     0.524
 2007	     0.571
 2008	     0.605
 2009	     0.534
 2010	     0.616
 2011	     0.568
 2012	     0.452
 2013	     0.447
 2014	     0.584
 2015	     0.464
 2016	     0.503
 2017	     0.553
 2018	     0.515
 2019	     0.471
 2020	     0.469
 2021	     0.499
 2022	     0.569
 2023	     0.468
 2024	     0.733
 2025	     0.473
 2026	     0.395
 2027	     0.461
 2028	     0.518
 2029	     0.499
 2030	     0.517
 2031	     0.596
 2032	     0.456
 2033	     0.457
 2034	     0.490
 2035	     0.452
 2036	     0.435
 2037	     0.632
 2038	     0.494
 2039	     0.542
 2040	     0.506
 2041	     0.443
 2042	     0.594
 2043	     0.623
 2044	     0.472
 2045	     0.467
 2046	     0.445
 2047	     0.456
 2048	     0.541
 2049	     0.623
 2050	     0.624
 2051	     0.543
 2052	     0.519
 2053	     0.514
 2054	     0.474
 2055	     0.602
 2056	     0.630
 2057	     0.722
 2058	     0.350
 2059	     0.483
 2060	     0.522
 2061	     0.518
 2062	     0.495
 2063	     0.532
 2064	     0.516
 2065	     0.390
 2066	     0.562
 2067	     0.544
 2068	     0.537
 2069	     0.561
 2070	     0.506
 2071	     0.605
 2072	     0.482
 2073	     0.460
 2074	     0.581
 2075	     0.632
 2076	     0.625
 2077	     0.582
 2078	     0.487
 2079	     0.602
 2080	     0.612
 2081	     0.485
 2082	     0.608
 2083	     0.568
 2084	     0.554
 2085	     0.579
 2086	     0.478
 2087	     0.409
 2088	     0.607
 2089	     0.661
 2090	     0.538
 2091	     0.466
 2092	     0.598
 2093	     0.494
 2094	     0.616
 2095	     0.488
 2096	     0.465
 2097	     0.420
 2098	     0.532
 2099	     0.531
 2100	     0.442
 2101	     0.665
 2102	     0.650
 2103	     0.506
 2104	     0.464
 2105	     0.494
 2106	     0.464
 2107	     0.479
 2108	     0.548
 2109	     0.502
 2110	     0.489
 2111	     0.584
 2112	     0.481
 2113	     0.506
 2114	     0.588
 2115	     0.539
 2116	     0.601
 2117	     0.563
 2118	     0.448
 2119	     0.479
 2120	     0.464
 2121	     0.638
 2122	     0.595
 2123	     0.536
 2124	     0.447
 2125	     0.503
 2126	     0.526
 2127	     0.534
 2128	     0.608
 2129	     0.638
 2130	     0.439
 2131	     0.552
 2132	     0.459
 2133	     0.526
 2134	     0.666
 2135	     0.684
 2136	     0.404
 2137	     0.565
 2138	     0.554
 2139	     0.477
 2140	     0.482
 2141	     0.690
 2142	     0.525
 2143	     0.443
 2144	     0.508
 2145	     0.451
 2146	     0.562
 2147	     0.615
 2148	     0.486
 2149	     0.674
 2150	     0.518
 2151	     0.540
 2152	     0.592
 2153	     0.404
 2154	     0.607
 2155	     0.444
 2156	     0.394
 2157	     0.553
 2158	     0.531
 2159	     0.657
 2160	     0.668
 2161	     0.512
 2162	     0.697
 2163	     0.510
 2164	     0.569
 2165	     0.450
 2166	     0.534
 2167	     0.676
 2168	     0.501
 2169	     0.516
 2170	     0.500
 2171	     0.515
 2172	     0.627
 2173	     0.529
 2174	     0.556
 2175	     0.648
 2176	     0.428
 2177	     0.437
 2178	     0.550
 2179	     0.561
 2180	     0.589
 2181	     0.634
 2182	     0.465
 2183	     0.437
 2184	     0.471
 2185	     0.443
 2186	     0.498
 2187	     0.638
 2188	     0.695
 2189	     0.435
 2190	     0.525
 2191	     0.467
 2192	     0.492
 2193	     0.497
 2194	     0.537
 2195	     0.519
 2196	     0.509
 2197	     0.541
 2198	     0.465
 2199	     0.592
 2200	     0.553
 2201	     0.599
 2202	     0.448
 2203	     0.509
 2204	     0.472
 2205	     0.568
 2206	     0.603
 2207	     0.652
 2208	     0.685
 2209	     0.529
 2210	     0.503
 2211	     0.562
 2212	     0.543
 2213	     0.626
 2214	     0.555
 2215	     0.461
 2216	     0.423
 2217	     0.434
 2218	     0.636
 2219	     0.407
 2220	     0.605
 2221	     0.619
 2222	     0.571
 2223	     0.440
 2224	     0.505
 2225	     0.596
 2226	     0.618
 2227	     0.583
 2228	     0.441
 2229	     0.444
 2230	     0.455
 2231	     0.432
 2232	     0.491
 2233	     0.638
 2234	     0.650
 2235	     0.382
 2236	     0.468
 2237	     0.547
 2238	     0.481
 2239	     0.585
 2240	     0.629
 2241	     0.502
 2242	     0.530
 2243	     0.436
 2244	     0.508
 2245	     0.491
 2246	     0.457
 2247	     0.482
 2248	     0.528
 2249	     0.493
 2250	     0.492
 2251	     0.430
 2252	     0.391
 2253	     0.554
 2254	     0.632
 2255	     0.526
 2256	     0.432
 2257	     0.534
 2258	     0.551
 2259	     0.400
 2260	     0.605
 2261	     0.470
 2262	     0.461
 2263	     0.472
 2264	     0.565
 2265	     0.585
 2266	     0.458
 2267	     0.533
 2268	     0.439
 2269	     0.479
 2270	     0.561
 2271	     0.429
 2272	     0.489
 2273	     0.520
 2274	     0.535
 2275	     0.549
 2276	     0.444
 2277	     0.557
 2278	     0.587
 2279	     0.575
 2280	     0.413
 2281	     0.438
 2282	     0.370
 2283	     0.452
 2284	     0.439
 2285	     0.605
 2286	     0.627
 2287	     0.585
 2288	     0.366
 2289	     0.585
 2290	     0.529
 2291	     0.512
 2292	     0.512
 2293	     0.403
 2294	     0.458
 2295	     0.569
 2296	     0.474
 2297	     0.539
 2298	     0.576
 2299	     0.527
 2300	     0.433
 2301	     0.452
 2302	     0.426
 2303	     0.459
 2304	     0.518
 2305	     0.587
 2306	     0.447
 2307	     0.463
 2308	     0.572
 2309	     0.496
 2310	     0.525
 2311	     0.536
 2312	     0.463
 2313	     0.468
 2314	     0.494
 2315	     0.416
 2316	     0.569
 2317	     0.383
 2318	     0.452
 2319	     0.519
 2320	     0.472
 2321	     0.515
 2322	     0.549
 2323	     0.530
 2324	     0.528
 2325	     0.660
 2326	     0.606
 2327	     0.461
 2328	     0.478
 2329	     0.447
 2330	     0.492
 2331	     0.508
 2332	     0.505
 2333	     0.477
 2334	     0.482
 2335	     0.484
 2336	     0.454
 2337	     0.529
 2338	     0.539
 2339	     0.597
 2340	     0.409
 2341	     0.421
 2342	     0.389
 2343	     0.575
 2344	     0.579
 2345	     0.561
 2346	     0.401
 2347	     0.563
 2348	     0.483
 2349	     0.453
 2350	     0.569
 2351	     0.464
 2352	     0.617
 2353	     0.433
 2354	     0.557
 2355	     0.513
 2356	     0.555
 2357	     0.578
 2358	     0.481
 2359	     0.398
 2360	     0.402
 2361	     0.505
 2362	     0.525
 2363	     0.349
 2364	     0.481
 2365	     0.613
 2366	     0.494
 2367	     0.491
 2368	     0.501
 2369	     0.398
 2370	     0.468
 2371	     0.593
 2372	     0.591
 2373	     0.487
 2374	     0.432
 2375	     0.381
 2376	     0.559
 2377	     0.429
 2378	     0.406
 2379	     0.369
 2380	     0.611
 2381	     0.550
 2382	     0.530
 2383	     0.582
 2384	     0.566
 2385	     0.393
 2386	     0.463
 2387	     0.589
 2388	     0.550
 2389	     0.529
 2390	     0.583
 2391	     0.611
 2392	     0.347
 2393	     0.530
 2394	     0.491
 2395	     0.369
 2396	     0.561
 2397	     0.573
 2398	     0.597
 2399	     0.502
 2400	     0.430
 2401	     0.442
 2402	     0.420
 2403	     0.573
 2404	     0.578
 2405	     0.502
 2406	     0.516
 2407	     0.434
 2408	     0.523
 2409	     0.481
 2410	     0.397
 2411	     0.507
 2412	     0.388
 2413	     0.441
 2414	     0.505
 2415	     0.394
 2416	     0.406
 2417	     0.520
 2418	     0.357
 2419	     0.451
 2420	     0.544
 2421	     0.539
 2422	     0.508
 2423	     0.551
 2424	     0.529
 2425	     0.431
 2426	     0.419
 2427	     0.438
 2428	     0.439
 2429	     0.527
 2430	     0.488
 2431	     0.530
 2432	     0.450
 2433	     0.423
 2434	     0.434
 2435	     0.543
 2436	     0.440
 2437	     0.571
 2438	     0.419
 2439	     0.455
 2440	     0.455
 2441	     0.378
 2442	     0.487
 2443	     0.537
 2444	     0.480
 2445	     0.374
 2446	     0.391
 2447	     0.394
 2448	     0.586
 2449	     0.578
 2450	     0.522
 2451	     0.416
 2452	     0.346
 2453	     0.503
 2454	     0.477
 2455	     0.493
 2456	     0.418
 2457	     0.584
 2458	     0.400
 2459	     0.501
 2460	     0.467
 2461	     0.389
 2462	     0.524
 2463	     0.462
 2464	     0.388
 2465	     0.405
 2466	     0.457
 2467	     0.531
 2468	     0.528
 2469	     0.530
 2470	     0.349
 2471	     0.365
 2472	     0.536
 2473	     0.459
 2474	     0.552
 2475	     0.452
 2476	     0.450
 2477	     0.501
 2478	     0.432
 2479	     0.352
 2480	     0.373
 2481	     0.397
 2482	     0.438
 2483	     0.555
 2484	     0.366
 2485	     0.398
 2486	     0.383
 2487	     0.397
 2488	     0.534
 2489	     0.452
 2490	     0.566
 2491	     0.445
 2492	     0.394
 2493	     0.373
 2494	     0.365
 2495	     0.449
 2496	     0.575
 2497	     0.500
 2498	     0.399
 2499	     0.510
 2500	     0.595
 2501	     0.526
 2502	     0.433
 2503	     0.659
 2504	     0.418
 2505	     0.442
 2506	     0.421
 2507	     0.581
 2508	     0.610
 2509	     0.368
 2510	     0.348
 2511	     0.503
 2512	     0.392
 2513	     0.472
 2514	     0.532
 2515	     0.556
 2516	     0.602
 2517	     0.520
 2518	     0.375
 2519	     0.434
 2520	     0.404
 2521	     0.589
 2522	     0.601
 2523	     0.516
 2524	     0.560
 2525	     0.544
 2526	     0.520
 2527	     0.427
 2528	     0.566
 2529	     0.549
 2530	     0.417
 2531	     0.375
 2532	     0.505
 2533	     0.442
 2534	     0.487
 2535	     0.522
 2536	     0.441
 2537	     0.380
 2538	     0.390
 2539	     0.413
 2540	     0.501
 2541	     0.631
 2542	     0.467
 2543	     0.551
 2544	     0.507
 2545	     0.388
 2546	     0.410
 2547	     0.387
 2548	     0.444
 2549	     0.492
 2550	     0.371
 2551	     0.409
 2552	     0.472
 2553	     0.424
 2554	     0.513
 2555	     0.500
 2556	     0.463
 2557	     0.394
 2558	     0.387
 2559	     0.568
 2560	     0.591
 2561	     0.460
 2562	     0.554
 2563	     0.410
 2564	     0.509
 2565	     0.452
 2566	     0.562
 2567	     0.535
 2568	     0.382
 2569	     0.378
 2570	     0.395
 2571	     0.480
 2572	     0.529
 2573	     0.570
 2574	     0.545
 2575	     0.542
 2576	     0.378
 2577	     0.431
 2578	     0.445
 2579	     0.453
 2580	     0.594
 2581	     0.528
 2582	     0.443
 2583	     0.490
 2584	     0.439
 2585	     0.383
 2586	     0.535
 2587	     0.498
 2588	     0.535
 2589	     0.421
 2590	     0.470
 2591	     0.405
 2592	     0.455
 2593	     0.421
 2594	     0.582
 2595	     0.457
 2596	     0.433
 2597	     0.473
 2598	     0.466
 2599	     0.500
 2600	     0.565
 2601	     0.544
 2602	     0.381
 2603	     0.337
 2604	     0.506
 2605	     0.401
 2606	     0.449
 2607	     0.519
 2608	     0.525
 2609	     0.341
 2610	     0.484
 2611	     0.497
 2612	     0.532
 2613	     0.493
 2614	     0.529
 2615	     0.467
 2616	     0.332
 2617	     0.373
 2618	     0.458
 2619	     0.555
 2620	     0.597
 2621	     0.557
 2622	     0.433
 2623	     0.355
 2624	     0.488
 2625	     0.494
 2626	     0.514
 2627	     0.489
 2628	     0.434
 2629	     0.474
 2630	     0.362
 2631	     0.425
 2632	     0.460
 2633	     0.461
 2634	     0.518
 2635	     0.412
 2636	     0.473
 2637	     0.504
 2638	     0.492
 2639	     0.523
 2640	     0.517
 2641	     0.393
 2642	     0.359
 2643	     0.343
 2644	     0.570
 2645	     0.460
 2646	     0.363
 2647	     0.550
 2648	     0.408
 2649	     0.370
 2650	     0.467
 2651	     0.589
 2652	     0.498
 2653	     0.343
 2654	     0.393
 2655	     0.448
 2656	     0.497
 2657	     0.322
 2658	     0.394
 2659	     0.481
 2660	     0.582
 2661	     0.547
 2662	     0.518
 2663	     0.440
 2664	     0.394
 2665	     0.460
 2666	     0.498
 2667	     0.317
 2668	     0.433
 2669	     0.404
 2670	     0.433
 2671	     0.520
 2672	     0.442
 2673	     0.521
 2674	     0.392
 2675	     0.438
 2676	     0.486
 2677	     0.424
 2678	     0.483
 2679	     0.381
 2680	     0.434
 2681	     0.515
 2682	     0.409
 2683	     0.379
 2684	     0.498
 2685	     0.507
 2686	     0.621
 2687	     0.477
 2688	     0.394
 2689	     0.442
 2690	     0.369
 2691	     0.363
 2692	     0.504
 2693	     0.567
 2694	     0.367
 2695	     0.334
 2696	     0.379
 2697	     0.466
 2698	     0.479
 2699	     0.352
 2700	     0.486
 2701	     0.414
 2702	     0.409
 2703	     0.520
 2704	     0.560
 2705	     0.454
 2706	     0.519
 2707	     0.394
 2708	     0.416
 2709	     0.489
 2710	     0.496
 2711	     0.409
 2712	     0.574
 2713	     0.377
 2714	     0.395
 2715	     0.437
 2716	     0.519
 2717	     0.543
 2718	     0.471
 2719	     0.515
 2720	     0.503
 2721	     0.380
 2722	     0.477
 2723	     0.507
 2724	     0.506
 2725	     0.532
 2726	     0.606
 2727	     0.462
 2728	     0.405
 2729	     0.487
 2730	     0.359
 2731	     0.518
 2732	     0.430
 2733	     0.419
 2734	     0.393
 2735	     0.445
 2736	     0.496
 2737	     0.402
 2738	     0.556
 2739	     0.511
 2740	     0.500
 2741	     0.391
 2742	     0.500
 2743	     0.501
 2744	     0.397
 2745	     0.402
 2746	     0.369
 2747	     0.410
 2748	     0.424
 2749	     0.386
 2750	     0.406
 2751	     0.518
 2752	     0.498
 2753	     0.391
 2754	     0.390
 2755	     0.516
 2756	     0.484
 2757	     0.490
 2758	     0.576
 2759	     0.476
 2760	     0.308
 2761	     0.339
 2762	     0.424
 2763	     0.533
 2764	     0.578
 2765	     0.577
 2766	     0.415
 2767	     0.503
 2768	     0.402
 2769	     0.452
 2770	     0.414
 2771	     0.310
 2772	     0.405
 2773	     0.418
 2774	     0.370
 2775	     0.329
 2776	     0.429
 2777	     0.455
 2778	     0.409
 2779	     0.355
 2780	     0.477
 2781	     0.423
 2782	     0.386
 2783	     0.481
 2784	     0.460
 2785	     0.542
 2786	     0.446
 2787	     0.478
 2788	     0.398
 2789	     0.365
 2790	     0.549
 2791	     0.542
 2792	     0.437
 2793	     0.452
 2794	     0.497
 2795	     0.409
 2796	     0.438
 2797	     0.501
 2798	     0.441
 2799	     0.403
 2800	     0.323
 2801	     0.383
 2802	     0.436
 2803	     0.485
 2804	     0.412
 2805	     0.453
 2806	     0.409
 2807	     0.390
 2808	     0.435
 2809	     0.444
 2810	     0.516
 2811	     0.518
 2812	     0.436
 2813	     0.365
 2814	     0.397
 2815	     0.342
 2816	     0.490
 2817	     0.451
 2818	     0.315
 2819	     0.434
 2820	     0.474
 2821	     0.381
 2822	     0.517
 2823	     0.300
 2824	     0.467
 2825	     0.369
 2826	     0.342
 2827	     0.371
 2828	     0.507
 2829	     0.384
 2830	     0.540
 2831	     0.313
 2832	     0.416
 2833	     0.408
 2834	     0.439
 2835	     0.446
 2836	     0.482
 2837	     0.479
 2838	     0.478
 2839	     0.464
 2840	     0.370
 2841	     0.402
 2842	     0.380
 2843	     0.463
 2844	     0.548
 2845	     0.357
 2846	     0.411
 2847	     0.389
 2848	     0.414
 2849	     0.387
 2850	     0.418
 2851	     0.394
 2852	     0.358
 2853	     0.455
 2854	     0.479
 2855	     0.355
 2856	     0.517
 2857	     0.524
 2858	     0.363
 2859	     0.423
 2860	     0.497
 2861	     0.481
 2862	     0.497
 2863	     0.524
 2864	     0.397
 2865	     0.296
 2866	     0.343
 2867	     0.483
 2868	     0.396
 2869	     0.481
 2870	     0.368
 2871	     0.454
 2872	     0.409
 2873	     0.392
 2874	     0.452
 2875	     0.473
 2876	     0.456
 2877	     0.366
 2878	     0.451
 2879	     0.404
 2880	     0.382
 2881	     0.345
 2882	     0.464
 2883	     0.528
 2884	     0.459
 2885	     0.491
 2886	     0.471
 2887	     0.353
 2888	     0.479
 2889	     0.359
 2890	     0.382
 2891	     0.361
 2892	     0.452
 2893	     0.503
 2894	     0.387
 2895	     0.503
 2896	     0.386
 2897	     0.319
 2898	     0.343
 2899	     0.461
 2900	     0.451
 2901	     0.434
 2902	     0.498
 2903	     0.473
 2904	     0.355
 2905	     0.428
 2906	     0.313
 2907	     0.409
 2908	     0.460
 2909	     0.374
 2910	     0.409
 2911	     0.429
 2912	     0.377
 2913	     0.441
 2914	     0.461
 2915	     0.444
 2916	     0.498
 2917	     0.402
 2918	     0.448
 2919	     0.453
 2920	     0.355
 2921	     0.498
 2922	     0.330
 2923	     0.313
 2924	     0.342
 2925	     0.509
 2926	     0.448
 2927	     0.314
 2928	     0.409
 2929	     0.444
 2930	     0.362
 2931	     0.369
 2932	     0.354
 2933	     0.475
 2934	     0.479
 2935	     0.440
 2936	     0.381
 2937	     0.413
 2938	     0.379
 2939	     0.413
 2940	     0.408
 2941	     0.352
 2942	     0.504
 2943	     0.427
 2944	     0.329
 2945	     0.388
 2946	     0.385
 2947	     0.343
 2948	     0.476
 2949	     0.390
 2950	     0.469
 2951	     0.372
 2952	     0.438
 2953	     0.417
 2954	     0.376
 2955	     0.423
 2956	     0.365
 2957	     0.473
 2958	     0.412
 2959	     0.421
 2960	     0.434
 2961	     0.456
 2962	     0.510
 2963	     0.415
 2964	     0.361
 2965	     0.396
 2966	     0.523
 2967	     0.388
 2968	     0.480
 2969	     0.362
 2970	     0.431
 2971	     0.338
 2972	     0.387
 2973	     0.565
 2974	     0.461
 2975	     0.440
 2976	     0.386
 2977	     0.434
 2978	     0.422
 2979	     0.365
 2980	     0.514
 2981	     0.358
 2982	     0.389
 2983	     0.437
 2984	     0.342
 2985	     0.466
 2986	     0.444
 2987	     0.369
 2988	     0.350
 2989	     0.435
 2990	     0.323
 2991	     0.305
 2992	     0.437
 2993	     0.270
 2994	     0.498
 2995	     0.322
 2996	     0.382
 2997	     0.426
 2998	     0.319
 2999	     0.476
 3000	     0.479
 3001	     0.531
 3002	     0.346
 3003	     0.326
 3004	     0.426
 3005	     0.427
 3006	     0.368
 3007	     0.381
 3008	     0.367
 3009	     0.410
 3010	     0.324
 3011	     0.463
 3012	     0.455
 3013	     0.424
 3014	     0.563
 3015	     0.363
 3016	     0.454
 3017	     0.380
 3018	     0.451
 3019	     0.456
 3020	     0.348
 3021	     0.456
 3022	     0.433
 3023	     0.366
 3024	     0.377
 3025	     0.420
 3026	     0.339
 3027	     0.305
 3028	     0.326
 3029	     0.293
 3030	     0.412
 3031	     0.375
 3032	     0.500
 3033	     0.294
 3034	     0.468
 3035	     0.373
 3036	     0.388
 3037	     0.492
 3038	     0.407
 3039	     0.433
 3040	     0.500
 3041	     0.349
 3042	     0.397
 3043	     0.354
 3044	     0.297
 3045	     0.440
 3046	     0.498
 3047	     0.541
 3048	     0.397
 3049	     0.372
 3050	     0.387
 3051	     0.382
 3052	     0.503
 3053	     0.551
 3054	     0.436
 3055	     0.315
 3056	     0.330
 3057	     0.415
 3058	     0.414
 3059	     0.452
 3060	     0.478
 3061	     0.454
 3062	     0.350
 3063	     0.461
 3064	     0.410
 3065	     0.362
 3066	     0.412
 3067	     0.353
 3068	     0.408
 3069	     0.329
 3070	     0.411
 3071	     0.388
 3072	     0.437
 3073	     0.272
 3074	     0.305
 3075	     0.337
 3076	     0.352
 3077	     0.381
 3078	     0.420
 3079	     0.362
 3080	     0.441
 3081	     0.368
 3082	     0.368
 3083	     0.408
 3084	     0.452
 3085	     0.307
 3086	     0.519
 3087	     0.321
 3088	     0.393
 3089	     0.307
 3090	     0.466
 3091	     0.427
 3092	     0.509
 3093	     0.371
 3094	     0.396
 3095	     0.384
 3096	     0.269
 3097	     0.355
 3098	     0.467
 3099	     0.475
 3100	     0.337
 3101	     0.298
 3102	     0.335
 3103	     0.367
 3104	     0.350
 3105	     0.431
 3106	     0.490
 3107	     0.373
 3108	     0.359
 3109	     0.448
 3110	     0.481
 3111	     0.441
 3112	     0.370
 3113	     0.386
 3114	     0.362
 3115	     0.368
 3116	     0.358
 3117	     0.416
 3118	     0.531
 3119	     0.322
 3120	     0.319
 3121	     0.334
 3122	     0.356
 3123	     0.411
 3124	     0.342
 3125	     0.463
 3126	     0.379
 3127	     0.442
 3128	     0.348
 3129	     0.426
 3130	     0.392
 3131	     0.400
 3132	     0.481
 3133	     0.341
 3134	     0.304
 3135	     0.414
 3136	     0.279
 3137	     0.350
 3138	     0.407
 3139	     0.486
 3140	     0.387
 3141	     0.276
 3142	     0.459
 3143	     0.349
 3144	     0.356
 3145	     0.377
 3146	     0.369
 3147	     0.329
 3148	     0.333
 3149	     0.378
 3150	     0.445
 3151	     0.458
 3152	     0.423
 3153	     0.252
 3154	     0.316
 3155	     0.358
 3156	     0.379
 3157	     0.439
 3158	     0.390
 3159	     0.307
 3160	     0.310
 3161	     0.322
 3162	     0.380
 3163	     0.356
 3164	     0.354
 3165	     0.481
 3166	     0.335
 3167	     0.348
 3168	     0.400
 3169	     0.387
 3170	     0.423
 3171	     0.395
 3172	     0.359
 3173	     0.379
 3174	     0.309
 3175	     0.392
 3176	     0.451
 3177	     0.421
 3178	     0.432
 3179	     0.301
 3180	     0.273
 3181	     0.349
 3182	     0.500
 3183	     0.349
 3184	     0.367
 3185	     0.319
 3186	     0.287
 3187	     0.332
 3188	     0.383
 3189	     0.383
 3190	     0.424
 3191	     0.381
 3192	     0.316
 3193	     0.316
 3194	     0.297
 3195	     0.381
 3196	     0.361
 3197	     0.374
 3198	     0.413
 3199	     0.372
 3200	     0.348
 3201	     0.474
 3202	     0.319
 3203	     0.392
 3204	     0.448
 3205	     0.386
 3206	     0.302
 3207	     0.260
 3208	     0.367
 3209	     0.474
 3210	     0.370
 3211	     0.369
 3212	     0.322
 3213	     0.364
 3214	     0.335
 3215	     0.360
 3216	     0.443
 3217	     0.417
 3218	     0.350
 3219	     0.396
 3220	     0.407
 3221	     0.374
 3222	     0.453
 3223	     0.453
 3224	     0.434
 3225	     0.383
 3226	     0.346
 3227	     0.417
 3228	     0.332
 3229	     0.441
 3230	     0.524
 3231	     0.297
 3232	     0.375
 3233	     0.379
 3234	     0.394
 3235	     0.374
 3236	     0.490
 3237	     0.388
 3238	     0.384
 3239	     0.311
 3240	     0.338
 3241	     0.258
 3242	     0.436
 3243	     0.391
 3244	     0.363
 3245	     0.265
 3246	     0.345
 3247	     0.352
 3248	     0.354
 3249	     0.441
 3250	     0.313
 3251	     0.366
 3252	     0.314
 3253	     0.370
 3254	     0.432
 3255	     0.367
 3256	     0.435
 3257	     0.374
 3258	     0.355
 3259	     0.387
 3260	     0.300
 3261	     0.289
 3262	     0.471
 3263	     0.510
 3264	     0.393
 3265	     0.399
 3266	     0.296
 3267	     0.283
 3268	     0.479
 3269	     0.397
 3270	     0.466
 3271	     0.376
 3272	     0.303
 3273	     0.286
 3274	     0.378
 3275	     0.342
 3276	     0.469
 3277	     0.264
 3278	     0.371
 3279	     0.341
 3280	     0.286
 3281	     0.382
 3282	     0.341
 3283	     0.413
 3284	     0.287
 3285	     0.276
 3286	     0.335
 3287	     0.379
 3288	     0.408
 3289	     0.285
 3290	     0.260
 3291	     0.235
 3292	     0.339
 3293	     0.310
 3294	     0.364
 3295	     0.454
 3296	     0.460
 3297	     0.365
 3298	     0.349
 3299	     0.315
 3300	     0.363
 3301	     0.420
 3302	     0.449
 3303	     0.260
 3304	     0.334
 3305	     0.280
 3306	     0.307
 3307	     0.348
 3308	     0.354
 3309	     0.358
 3310	     0.283
 3311	     0.342
 3312	     0.408
 3313	     0.377
 3314	     0.299
 3315	     0.311
 3316	     0.286
 3317	     0.335
 3318	     0.337
 3319	     0.384
 3320	     0.353
 3321	     0.352
 3322	     0.322
 3323	     0.371
 3324	     0.285
 3325	     0.315
 3326	     0.392
 3327	     0.298
 3328	     0.372
 3329	     0.310
 3330	     0.300
 3331	     0.318
 3332	     0.349
 3333	     0.349
 3334	     0.277
 3335	     0.326
 3336	     0.352
 3337	     0.266
 3338	     0.324
 3339	     0.325
 3340	     0.360
 3341	     0.449
 3342	     0.463
 3343	     0.259
 3344	     0.354
 3345	     0.245
 3346	     0.335
 3347	     0.371
 3348	     0.362
 3349	     0.347
 3350	     0.408
 3351	     0.406
 3352	     0.359
 3353	     0.345
 3354	     0.318
 3355	     0.271
 3356	     0.291
 3357	     0.343
 3358	     0.409
 3359	     0.370
 3360	     0.279
 3361	     0.248
 3362	     0.313
 3363	     0.281
 3364	     0.313
 3365	     0.311
 3366	     0.278
 3367	     0.366
 3368	     0.292
 3369	     0.352
 3370	     0.336
 3371	     0.314
 3372	     0.315
 3373	     0.403
 3374	     0.416
 3375	     0.315
 3376	     0.259
 3377	     0.287
 3378	     0.238
 3379	     0.374
 3380	     0.273
 3381	     0.374
 3382	     0.282
 3383	     0.251
 3384	     0.388
 3385	     0.294
 3386	     0.280
 3387	     0.257
 3388	     0.419
 3389	     0.327
 3390	     0.341
 3391	     0.418
 3392	     0.298
 3393	     0.346
 3394	     0.351
 3395	     0.338
 3396	     0.399
 3397	     0.331
 3398	     0.348
 3399	     0.259
 3400	     0.370
 3401	     0.405
 3402	     0.280
 3403	     0.288
 3404	     0.344
 3405	     0.427
 3406	     0.251
 3407	     0.339
 3408	     0.276
 3409	     0.340
 3410	     0.307
 3411	     0.273
 3412	     0.351
 3413	     0.300
 3414	     0.367
 3415	     0.328
 3416	     0.232
 3417	     0.339
 3418	     0.397
 3419	     0.366
 3420	     0.356
 3421	     0.315
 3422	     0.240
 3423	     0.296
 3424	     0.258
 3425	     0.287
 3426	     0.347
 3427	     0.413
 3428	     0.268
 3429	     0.250
 3430	     0.376
 3431	     0.338
 3432	     0.356
 3433	     0.386
 3434	     0.388
 3435	     0.323
 3436	     0.219
 3437	     0.269
 3438	     0.381
 3439	     0.279
 3440	     0.358
 3441	     0.258
 3442	     0.293
 3443	     0.314
 3444	     0.298
 3445	     0.291
 3446	     0.421
 3447	     0.398
 3448	     0.314
 3449	     0.326
 3450	     0.298
 3451	     0.393
 3452	     0.301
 3453	     0.399
 3454	     0.332
 3455	     0.338
 3456	     0.385
 3457	     0.365
 3458	     0.262
 3459	     0.401
 3460	     0.314
 3461	     0.291
 3462	     0.285
 3463	     0.270
 3464	     0.390
 3465	     0.384
 3466	     0.357
 3467	     0.275
 3468	     0.285
 3469	     0.390
 3470	     0.401
 3471	     0.372
 3472	     0.413
 3473	     0.308
 3474	     0.292
 3475	     0.236
 3476	     0.254
 3477	     0.266
 3478	     0.393
 3479	     0.367
 3480	     0.339
 3481	     0.265
 3482	     0.347
 3483	     0.297
 3484	     0.314
 3485	     0.335
 3486	     0.409
 3487	     0.304
 3488	     0.360
 3489	     0.312
 3490	     0.331
 3491	     0.290
 3492	     0.401
 3493	     0.264
 3494	     0.354
 3495	     0.321
 3496	     0.294
 3497	     0.339
 3498	     0.256
 3499	     0.223
 3500	     0.294
 3501	     0.350
 3502	     0.293
 3503	     0.371
 3504	     0.219
 3505	     0.266
 3506	     0.356
 3507	     0.292
 3508	     0.276
 3509	     0.286
 3510	     0.304
 3511	     0.364
 3512	     0.244
 3513	     0.324
 3514	     0.275
 3515	     0.296
 3516	     0.295
 3517	     0.294
 3518	     0.302
 3519	     0.415
 3520	     0.255
 3521	     0.247
 3522	     0.287
 3523	     0.293
 3524	     0.334
 3525	     0.366
 3526	     0.287
 3527	     0.243
 3528	     0.280
 3529	     0.264
 3530	     0.343
 3531	     0.329
 3532	     0.282
 3533	     0.251
 3534	     0.284
 3535	     0.369
 3536	     0.310
 3537	     0.348
 3538	     0.341
 3539	     0.202
 3540	     0.284
 3541	     0.307
 3542	     0.245
 3543	     0.331
 3544	     0.304
 3545	     0.357
 3546	     0.223
 3547	     0.246
 3548	     0.253
 3549	     0.202
 3550	     0.232
 3551	     0.286
 3552	     0.407
 3553	     0.195
 3554	     0.275
 3555	     0.259
 3556	     0.306
 3557	     0.274
 3558	     0.338
 3559	     0.211
 3560	     0.292
 3561	     0.251
 3562	     0.267
 3563	     0.293
 3564	     0.247
 3565	     0.357
 3566	     0.204
 3567	     0.303
 3568	     0.288
 3569	     0.228
 3570	     0.252
 3571	     0.340
 3572	     0.197
 3573	     0.259
 3574	     0.223
 3575	     0.295
 3576	     0.229
 3577	     0.258
 3578	     0.316
 3579	     0.239
 3580	     0.222
 3581	     0.316
 3582	     0.321
 3583	     0.347
 3584	     0.325
 3585	     0.314
 3586	     0.259
 3587	     0.247
 3588	     0.282
 3589	     0.216
 3590	     0.262
 3591	     0.300
 3592	     0.233
 3593	     0.310
 3594	     0.284
 3595	     0.264
 3596	     0.287
 3597	     0.254
 3598	     0.198
 3599	     0.250
 3600	     0.215
 3601	     0.294
 3602	     0.265
 3603	     0.260
 3604	     0.323
 3605	     0.247
 3606	     0.316
 3607	     0.332
 3608	     0.240
 3609	     0.273
 3610	     0.329
 3611	     0.279
 3612	     0.266
 3613	     0.267
 3614	     0.261
 3615	     0.278
 3616	     0.222
 3617	     0.181
 3618	     0.198
 3619	     0.284
 3620	     0.253
 3621	     0.202
 3622	     0.280
 3623	     0.347
 3624	     0.262
 3625	     0.228
 3626	     0.242
 3627	     0.190
 3628	     0.258
 3629	     0.316
 3630	     0.263
 3631	     0.228
 3632	     0.244
 3633	     0.209
 3634	     0.196
 3635	     0.294
 3636	     0.247
 3637	     0.269
 3638	     0.188
 3639	     0.205
 3640	     0.228
 3641	     0.313
 3642	     0.275
 3643	     0.261
 3644	     0.195
 3645	     0.213
 3646	     0.224
 3647	     0.256
 3648	     0.291
 3649	     0.298
 3650	     0.240
 3651	     0.236
 3652	     0.284
 3653	     0.224
 3654	     0.199
 3655	     0.280
 3656	     0.289
 3657	     0.205
 3658	     0.248
 3659	     0.272
 3660	     0.235
 3661	     0.294
 3662	     0.283
 3663	     0.253
 3664	     0.242
 3665	     0.190
 3666	     0.195
 3667	     0.235
 3668	     0.219
 3669	     0.283
 3670	     0.371
 3671	     0.237
 3672	     0.213
 3673	     0.210
 3674	     0.238
 3675	     0.257
 3676	     0.308
 3677	     0.242
 3678	     0.213
 3679	     0.250
 3680	     0.225
 3681	     0.292
 3682	     0.268
 3683	     0.284
 3684	     0.238
 3685	     0.249
 3686	     0.239
 3687	     0.252
 3688	     0.247
 3689	     0.255
 3690	     0.238
 3691	     0.206
 3692	     0.188
 3693	     0.180
 3694	     0.172
 3695	     0.284
 3696	     0.276
 3697	     0.217
 3698	     0.180
 3699	     0.175
 3700	     0.197
 3701	     0.257
 3702	     0.279
 3703	     0.273
 3704	     0.233
 3705	     0.215
 3706	     0.284
 3707	     0.241
 3708	     0.212
 3709	     0.313
 3710	     0.213
 3711	     0.312
 3712	     0.303
 3713	     0.291
 3714	     0.239
 3715	     0.241
 3716	     0.217
 3717	     0.253
 3718	     0.254
 3719	     0.221
 3720	     0.224
 3721	     0.233
 3722	     0.212
 3723	     0.205
 3724	     0.280
 3725	     0.311
 3726	     0.213
 3727	     0.257
 3728	     0.195
 3729	     0.215
 3730	     0.178
 3731	     0.238
 3732	     0.250
 3733	     0.181
 3734	     0.202
 3735	     0.230
 3736	     0.235
 3737	     0.254
 3738	     0.256
 3739	     0.269
 3740	     0.213
 3741	     0.210
 3742	     0.225
 3743	     0.220
 3744	     0.262
 3745	     0.199
 3746	     0.243
 3747	     0.201
 3748	     0.204
 3749	     0.213
 3750	     0.201
 3751	     0.187
 3752	     0.174
 3753	     0.239
 3754	     0.262
 3755	     0.239
 3756	     0.209
 3757	     0.239
 3758	     0.221
 3759	     0.239
 3760	     0.243
 3761	     0.238
 3762	     0.160
 3763	     0.185
 3764	     0.224
 3765	     0.214
 3766	     0.215
 3767	     0.270
 3768	     0.247
 3769	     0.176
 3770	     0.187
 3771	     0.228
 3772	     0.206
 3773	     0.209
 3774	     0.196
 3775	     0.175
 3776	     0.261
 3777	     0.185
 3778	     0.225
 3779	     0.217
 3780	     0.198
 3781	     0.274
 3782	     0.249
 3783	     0.284
 3784	     0.244
 3785	     0.189
 3786	     0.244
 3787	     0.235
 3788	     0.193
 3789	     0.186
 3790	     0.156
 3791	     0.232
 3792	     0.216
 3793	     0.240
 3794	     0.162
 3795	     0.158
 3796	     0.251
 3797	     0.235
 3798	     0.264
 3799	     0.151
 3800	     0.239
 3801	     0.217
 3802	     0.224
 3803	     0.190
 3804	     0.212
 3805	     0.196
 3806	     0.223
 3807	     0.232
 3808	     0.170
 3809	     0.192
 3810	     0.176
 3811	     0.161
 3812	     0.156
 3813	     0.219
 3814	     0.198
 3815	     0.217
 3816	     0.199
 3817	     0.233
 3818	     0.226
 3819	     0.235
 3820	     0.259
 3821	     0.185
 3822	     0.175
 3823	     0.190
 3824	     0.155
 3825	     0.163
 3826	     0.145
 3827	     0.224
 3828	     0.178
 3829	     0.170
 3830	     0.199
 3831	     0.236
 3832	     0.199
 3833	     0.195
 3834	     0.213
 3835	     0.194
 3836	     0.143
 3837	     0.159
 3838	     0.196
 3839	     0.172
 3840	     0.217
 3841	     0.172
 3842	     0.191
 3843	     0.151
 3844	     0.126
 3845	     0.188
 3846	     0.191
 3847	     0.236
 3848	     0.235
 3849	     0.169
 3850	     0.166
 3851	     0.175
 3852	     0.159
 3853	     0.246
 3854	     0.143
 3855	     0.163
 3856	     0.156
 3857	     0.139
 3858	     0.184
 3859	     0.208
 3860	     0.122
 3861	     0.182
 3862	     0.166
 3863	     0.156
 3864	     0.256
 3865	     0.192
 3866	     0.235
 3867	     0.135
 3868	     0.122
 3869	     0.162
 3870	     0.129
 3871	     0.181
 3872	     0.146
 3873	     0.162
 3874	     0.163
 3875	     0.142
 3876	     0.167
 3877	     0.194
 3878	     0.200
 3879	     0.223
 3880	     0.192
 3881	     0.160
 3882	     0.147
 3883	     0.201
 3884	     0.228
 3885	     0.135
 3886	     0.126
 3887	     0.196
 3888	     0.167
 3889	     0.182
 3890	     0.180
 3891	     0.175
 3892	     0.240
 3893	     0.112
 3894	     0.148
 3895	     0.169
 3896	     0.210
 3897	     0.211
 3898	     0.176
 3899	     0.166
 3900	     0.140
 3901	     0.129
 3902	     0.139
 3903	     0.141
 3904	     0.179
 3905	     0.166
 3906	     0.154
 3907	     0.113
 3908	     0.127
 3909	     0.112
 3910	     0.190
 3911	     0.166
 3912	     0.198
 3913	     0.126
 3914	     0.122
 3915	     0.107
 3916	     0.106
 3917	     0.101
 3918	     0.221
 3919	     0.196
 3920	     0.149
 3921	     0.149
 3922	     0.175
 3923	     0.137
 3924	     0.118
 3925	     0.172
 3926	     0.108
 3927	     0.207
 3928	     0.176
 3929	     0.139
 3930	     0.169
 3931	     0.184
 3932	     0.146
 3933	     0.112
 3934	     0.150
 3935	     0.152
 3936	     0.180
 3937	     0.166
 3938	     0.171
 3939	     0.141
 3940	     0.097
 3941	     0.140
 3942	     0.175
 3943	     0.129
 3944	     0.209
 3945	     0.225
 3946	     0.123
 3947	     0.133
 3948	     0.124
 3949	     0.158
 3950	     0.137
 3951	     0.126
 3952	     0.151
 3953	     0.148
 3954	     0.117
 3955	     0.153
 3956	     0.127
 3957	     0.126
 3958	     0.127
 3959	     0.133
 3960	     0.142
 3961	     0.127
 3962	     0.134
 3963	     0.126
 3964	     0.158
 3965	     0.139
 3966	     0.112
 3967	     0.147
 3968	     0.116
 3969	     0.154
 3970	     0.141
 3971	     0.162
 3972	     0.099
 3973	     0.102
 3974	     0.099
 3975	     0.124
 3976	     0.165
 3977	     0.125
 3978	     0.174
 3979	     0.128
 3980	     0.106
 3981	     0.122
 3982	     0.096
 3983	     0.171
 3984	     0.134
 3985	     0.147
 3986	     0.124
 3987	     0.121
 3988	     0.122
 3989	     0.115
 3990	     0.118
 3991	     0.186
 3992	     0.100
 3993	     0.141
 3994	     0.169
 3995	     0.118
 3996	     0.106
 3997	     0.139
 3998	     0.098
 3999	     0.159
 4000	     0.099
 4001	     0.140
 4002	     0.171
 4003	     0.122
 4004	     0.114
 4005	     0.100
 4006	     0.086
 4007	     0.172
 4008	     0.129
 4009	     0.098
 4010	     0.161
 4011	     0.086
 4012	     0.092
 4013	     0.116
 4014	     0.090
 4015	     0.141
 4016	     0.097
 4017	     0.126
 4018	     0.103
 4019	     0.088
 4020	     0.088
 4021	     0.144
 4022	     0.100
 4023	     0.173
 4024	     0.150
 4025	     0.092
 4026	     0.080
 4027	     0.089
 4028	     0.102
 4029	     0.097
 4030	     0.094
 4031	     0.141
 4032	     0.110
 4033	     0.082
 4034	     0.101
 4035	     0.090
 4036	     0.077
 4037	     0.077
 4038	     0.067
 4039	     0.118
 4040	     0.136
 4041	     0.104
 4042	     0.109
 4043	     0.117
 4044	     0.093
 4045	     0.069
 4046	     0.090
 4047	     0.143
 4048	     0.134
 4049	     0.143
 4050	     0.123
 4051	     0.069
 4052	     0.095
 4053	     0.090
 4054	     0.071
 4055	     0.116
 4056	     0.098
 4057	     0.089
 4058	     0.096
 4059	     0.084
 4060	     0.079
 4061	     0.086
 4062	     0.092
 4063	     0.096
 4064	     0.122
 4065	     0.107
 4066	     0.078
 4067	     0.074
 4068	     0.070
 4069	     0.061
 4070	     0.064
 4071	     0.088
 4072	     0.128
 4073	     0.124
 4074	     0.116
 4075	     0.089
 4076	     0.097
 4077	     0.059
 4078	     0.068
 4079	     0.086
 4080	     0.081
 4081	     0.067
 4082	     0.078
 4083	     0.134
 4084	     0.095
 4085	     0.071
 4086	     0.074
 4087	     0.082
 4088	     0.072
 4089	     0.098
 4090	     0.080
 4091	     0.098
 4092	     0.060
 4093	     0.073
 4094	     0.054
 4095	     0.092
 4096	     0.111
 4097	     0.064
 4098	     0.088
 4099	     0.092
 4100	     0.060
 4101	     0.067
 4102	     0.072
 4103	     0.062
 4104	     0.078
 4105	     0.103
 4106	     0.089
 4107	     0.075
 4108	     0.074
 4109	     0.072
 4110	     0.059
 4111	     0.071
 4112	     0.067
 4113	     0.092
 4114	     0.052
 4115	     0.093
 4116	     0.053
 4117	     0.056
 4118	     0.058
 4119	     0.068
 4120	     0.078
 4121	     0.078
 4122	     0.098
 4123	     0.078
 4124	     0.041
 4125	     0.053
 4126	     0.054
 4127	     0.052
 4128	     0.061
 4129	     0.070
 4130	     0.085
 4131	     0.078
 4132	     0.055
 4133	     0.047
 4134	     0.055
 4135	     0.076
 4136	     0.081
 4137	     0.081
 4138	     0.076
 4139	     0.060
 4140	     0.054
 4141	     0.043
 4142	     0.047
 4143	     0.080
 4144	     0.077
 4145	     0.071
 4146	     0.070
 4147	     0.075
 4148	     0.044
 4149	     0.042
 4150	     0.039
 4151	     0.051
 4152	     0.054
 4153	     0.051
 4154	     0.059
 4155	     0.059
 4156	     0.045
 4157	     0.035
 4158	     0.049
 4159	     0.048
 4160	     0.073
 4161	     0.038
 4162	     0.049
 4163	     0.043
 4164	     0.039
 4165	     0.045
 4166	     0.039
 4167	     0.053
 4168	     0.075
 4169	     0.037
 4170	     0.067
 4171	     0.035
 4172	     0.044
 4173	     0.046
 4174	     0.044
 4175	     0.045
 4176	     0.067
 4177	     0.037
 4178	     0.050
 4179	     0.040
 4180	     0.034
 4181	     0.033
 4182	     0.040
 4183	     0.052
 4184	     0.058
 4185	     0.044
 4186	     0.040
 4187	     0.041
 4188	     0.027
 4189	     0.031
 4190	     0.030
 4191	     0.049
 4192	     0.061
 4193	     0.065
 4194	     0.029
 4195	     0.033
 4196	     0.032
 4197	     0.025
 4198	     0.031
 4199	     0.051
 4200	     0.041
 4201	     0.048
 4202	     0.030
 4203	     0.030
 4204	     0.023
 4205	     0.026
 4206	     0.031
 4207	     0.033
 4208	     0.034
 4209	     0.032
 4210	     0.033
 4211	     0.025
 4212	     0.028
 4213	     0.033
 4214	     0.030
 4215	     0.027
 4216	     0.027
 4217	     0.024
 4218	     0.026
 4219	     0.029
 4220	     0.025
 4221	     0.019
 4222	     0.021
 4223	     0.023
 4224	     0.028
 4225	     0.022
 4226	     0.021
 4227	     0.022
 4228	     0.016
 4229	     0.016
 4230	     0.017
 4231	     0.022
 4232	     0.025
 4233	     0.019
 4234	     0.025
 4235	     0.018
 4236	     0.014
 4237	     0.014
 4238	     0.017
 4239	     0.019
 4240	     0.026
 4241	     0.019
 4242	     0.024
 4243	     0.017
 4244	     0.013
 4245	     0.017
 4246	     0.015
 4247	     0.013
 4248	     0.021
 4249	     0.017
 4250	     0.025
 4251	     0.013
 4252	     0.013
 4253	     0.012
 4254	     0.012
 4255	     0.012
 4256	     0.012
 4257	     0.015
 4258	     0.014
 4259	     0.012
 4260	     0.010
 4261	     0.008
 4262	     0.009
 4263	     0.008
 4264	     0.009
 4265	     0.010
 4266	     0.011
 4267	     0.007
 4268	     0.006
 4269	     0.007
 4270	     0.005
 4271	     0.006
 4272	     0.007
 4273	     0.007
 4274	     0.006
 4275	     0.005
 4276	     0.004
 4277	     0.004
 4278	     0.004
 4279	     0.004
 4280	     0.003
 4281	     0.003
 4282	     0.003
 4283	     0.002
