1	0.000005500
2	0.000002000
3	0.000006100
4	0.000005500
5	0.000010100
6	0.000008600
7	0.000009300
8	0.000008200
9	0.000011600
10	0.000011100
11	0.000010500
12	0.000010100
13	0.000011300
14	0.000010000
15	0.000011200
16	0.000019200
17	0.000026900
18	0.000021900
19	0.000024700
20	0.000021500
21	0.000021900
22	0.000024200
23	0.000032100
24	0.000030800
25	0.000022300
26	0.000022100
27	0.000039900
28	0.000026000
29	0.000022200
30	0.000026400
31	0.000024400
32	0.000028800
33	0.000034900
34	0.000033000
35	0.000033100
36	0.000034800
37	0.000033200
38	0.000033600
39	0.000035500
40	0.000032400
41	0.000045300
42	0.000034700
43	0.000033800
44	0.000033200
45	0.000035000
46	0.000033600
47	0.000035100
48	0.000046800
49	0.000043200
50	0.000042700
51	0.000045300
52	0.000042200
53	0.000045100
54	0.000043000
55	0.000042600
56	0.000045100
57	0.000042900
58	0.000045500
59	0.000043100
60	0.000044800
61	0.000043700
62	0.000045100
63	0.000046200
64	0.000080100
65	0.000092400
66	0.000085700
67	0.000092100
68	0.000130500
69	0.000103900
70	0.000101700
71	0.000098400
72	0.000108700
73	0.000103500
74	0.000109900
75	0.000116800
76	0.000094900
77	0.000144200
78	0.000085200
79	0.000084300
80	0.000094000
81	0.000090900
82	0.000078400
83	0.000079900
84	0.000079800
85	0.000069700
86	0.000071300
87	0.000071900
88	0.000073200
89	0.000069800
90	0.000072400
91	0.000072700
92	0.000072500
93	0.000070100
94	0.000072700
95	0.000072100
96	0.000097000
97	0.000090300
98	0.000089800
99	0.000091900
100	0.000091900
101	0.000090700
102	0.000102900
103	0.000090300
104	0.000088000
105	0.000091500
106	0.000090500
107	0.000091700
108	0.000091700
109	0.000090400
110	0.000091400
111	0.000092000
112	0.000098800
113	0.000089900
114	0.000091300
115	0.000092500
116	0.000091400
117	0.000092300
118	0.000092500
119	0.000103600
120	0.000092500
121	0.000092100
122	0.000092600
123	0.000097400
124	0.000092900
125	0.000094000
126	0.000092600
127	0.000090900
128	0.000126500
129	0.000119500
130	0.000113200
131	0.000117900
132	0.000121500
133	0.000113400
134	0.000113500
135	0.000125400
136	0.000112600
137	0.000114600
138	0.000112600
139	0.000113600
140	0.000113700
141	0.000114200
142	0.000114000
143	0.000115200
144	0.000113000
145	0.000113500
146	0.000113400
147	0.000114200
148	0.000114800
149	0.000124400
150	0.000114000
151	0.000114700
152	0.000113200
153	0.000112800
154	0.000114600
155	0.000113000
156	0.000114100
157	0.000115200
158	0.000114500
159	0.000114400
160	0.000148700
161	0.000144500
162	0.000143500
163	0.000154400
164	0.000142300
165	0.000143900
166	0.000143300
167	0.000143800
168	0.000143000
169	0.000144100
170	0.000143600
171	0.000144100
172	0.000144000
173	0.000143700
174	0.000143900
175	0.000156600
176	0.000142300
177	0.000144200
178	0.000143100
179	0.000144500
180	0.000146300
181	0.000144900
182	0.000144300
183	0.000143900
184	0.000144400
185	0.000145000
186	0.000144500
187	0.000178300
188	0.000171600
189	0.000173000
190	0.000156300
191	0.000146200
192	0.000189700
193	0.000175800
194	0.000190400
195	0.000175000
196	0.000188800
197	0.000175800
198	0.000175400
199	0.000189800
200	0.000175200
201	0.000175500
202	0.000176900
203	0.000175600
204	0.000175100
205	0.000176700
206	0.000188400
207	0.000176800
208	0.000176000
209	0.000176800
210	0.000176300
211	0.000176300
212	0.000178400
213	0.000177900
214	0.000175900
215	0.000178000
216	0.000188300
217	0.000179000
218	0.000177100
219	0.000177200
220	0.000176300
221	0.000177400
222	0.000178200
223	0.000177100
224	0.000215800
225	0.000237200
226	0.000211000
227	0.000212800
228	0.000211900
229	0.000209500
230	0.000209200
231	0.000212500
232	0.000213600
233	0.000212700
234	0.000222200
235	0.000239600
236	0.000213300
237	0.000211700
238	0.000209800
239	0.000212000
240	0.000211300
241	0.000209800
242	0.000225200
243	0.000212300
244	0.000214100
245	0.000215600
246	0.000212000
247	0.000214500
248	0.000212200
249	0.000235900
250	0.000223200
251	0.000220500
252	0.000212200
253	0.000211100
254	0.000213000
255	0.000211000
256	0.000257200
257	0.000273400
258	0.000280000
259	0.000264200
260	0.000267700
261	0.000317600
262	0.000270200
263	0.000267400
264	0.000266900
265	0.000267000
266	0.000267700
267	0.000267600
268	0.000264600
269	0.000273800
270	0.000266400
271	0.000279900
272	0.000266900
273	0.000267900
274	0.000267200
275	0.000266500
276	0.000267900
277	0.000268500
278	0.000280700
279	0.000268500
280	0.000269300
281	0.000269000
282	0.000269300
283	0.000269600
284	0.000273300
285	0.000279900
286	0.000267300
287	0.000285700
288	0.000268700
289	0.000268700
290	0.000269800
291	0.000268700
292	0.000267500
293	0.000269900
294	0.000268500
295	0.000268300
296	0.000270700
297	0.000352400
298	0.000268700
299	0.000270000
300	0.000270000
301	0.000270400
302	0.000283500
303	0.000270100
304	0.000281400
305	0.000271100
306	0.000269300
307	0.000270400
308	0.000280800
309	0.000267900
310	0.000271000
311	0.000268800
312	0.000269500
313	0.000269900
314	0.000271000
315	0.000972800
316	0.000394900
317	0.000282500
318	0.000285500
319	0.000269700
320	0.000354200
321	0.000332900
322	0.000327000
323	0.000329000
324	0.000342500
325	0.000335800
326	0.000329400
327	0.000328700
328	0.000328100
329	0.000342300
330	0.000327500
331	0.000329400
332	0.000329500
333	0.000346400
334	0.000329500
335	0.000339900
336	0.000327900
337	0.000330600
338	0.000331000
339	0.000331200
340	0.000344800
341	0.000330900
342	0.000330800
343	0.000330500
344	0.000331900
345	0.000331000
346	0.000354300
347	0.000331600
348	0.000335000
349	0.000331000
350	0.000332100
351	0.000356500
352	0.000332000
353	0.000343200
354	0.000332300
355	0.000330900
356	0.000330300
357	0.000342000
358	0.000329800
359	0.000336300
360	0.000988000
361	0.000351400
362	0.000333600
363	0.000330400
364	0.000343300
365	0.000332400
366	0.000331500
367	0.000330200
368	0.000329000
369	0.000331000
370	0.000342400
371	0.000330600
372	0.000329900
373	0.000333300
374	0.000330300
375	0.000331100
376	0.000331100
377	0.000336000
378	0.000329500
379	0.000334500
380	0.000357100
381	0.000364400
382	0.000330300
383	0.000330600
384	0.000830400
385	0.000817000
386	0.000788400
387	0.000798700
388	0.000787900
389	0.000786600
390	0.000798700
391	0.000786100
392	0.001626000
393	0.000997700
394	0.000837100
395	0.000818700
396	0.000786900
397	0.000802400
398	0.000787100
399	0.000799600
400	0.000811400
401	0.000786300
402	0.000802100
403	0.000785300
404	0.000800500
405	0.000786000
406	0.000790900
407	0.000840200
408	0.000786100
409	0.000800200
410	0.000786600
411	0.000882800
412	0.000789300
413	0.000786900
414	0.000801300
415	0.000787400
416	0.000801900
417	0.000784600
418	0.000785800
419	0.000808000
419	0.000824000
420	0.000803200
421	0.000786100
422	0.000793300
423	0.000789300
424	0.000794400
425	0.000799400
426	0.000784800
427	0.000804300
428	0.000789400
429	0.000788700
430	0.000940800
431	0.000791100
432	0.000801700
433	0.000817300
434	0.000799300
435	0.000786200
436	0.000786700
437	0.000801800
438	0.000786000
439	0.000804000
440	0.000785900
441	0.000802800
442	0.000802700
443	0.000786600
444	0.000802000
445	0.000792500
446	0.000799400
447	0.000802200
448	0.000479900
449	0.000479000
450	0.000489300
451	0.000498200
452	0.000594600
453	0.000643300
454	0.000721700
455	0.000668200
456	0.000488000
457	0.000476000
458	0.000480800
459	0.000477500
460	0.000488600
461	0.000473300
462	0.000484100
463	0.000481100
464	0.000487800
465	0.000491000
466	0.000478100
467	0.000476200
468	0.000493800
469	0.000477900
470	0.000476100
471	0.000478400
472	0.000496800
473	0.000477100
474	0.000478000
475	0.000510100
476	0.000493000
477	0.000480500
478	0.000478800
479	0.000476100
480	0.000491200
481	0.000485400
482	0.000532000
483	0.000612300
484	0.000610600
485	0.000614700
486	0.000645700
487	0.000579500
488	0.000481700
489	0.000491500
490	0.000490800
491	0.000476900
492	0.000478000
493	0.000476400
494	0.000491800
495	0.000479600
496	0.000479400
497	0.000477700
498	0.000476400
499	0.000476400
500	0.000478600
501	0.000489400
502	0.000477700
503	0.000479400
504	0.000475900
505	0.000499500
506	0.000477700
507	0.000505800
508	0.000487300
509	0.000487300
510	0.000477400
511	0.000475500
512	0.000715000
513	0.000584200
514	0.000560800
515	0.000555500
516	0.000570300
517	0.000558500
518	0.000555300
519	0.000569000
520	0.000557700
521	0.000558200
522	0.000554700
523	0.000570600
524	0.000562100
525	0.000556900
526	0.000578900
527	0.000559400
528	0.000555400
529	0.000555200
530	0.000578400
531	0.000555300
532	0.000558600
533	0.000579600
534	0.000559500
535	0.000555500
536	0.000572400
537	0.000558900
538	0.000561900
539	0.000555300
540	0.001311100
541	0.000702100
542	0.000571000
543	0.000598200
544	0.000558600
545	0.000570100
546	0.000559400
547	0.000555000
548	0.000569900
549	0.000559800
550	0.000557500
551	0.000559900
552	0.000567600
553	0.000564000
554	0.000558100
555	0.000570400
556	0.000557800
557	0.000561500
558	0.000559000
559	0.000571700
560	0.000571500
561	0.000559800
562	0.000605800
563	0.000555900
564	0.000559100
565	0.000582700
566	0.000572100
567	0.001992000
568	0.000951800
569	0.000622900
570	0.000559600
571	0.000560000
572	0.000558800
573	0.000570200
574	0.000557800
575	0.000611100
576	0.000708700
577	0.000706400
578	0.000647000
579	0.000660700
580	0.000645800
581	0.000644600
582	0.000662300
583	0.000648200
584	0.000650400
585	0.000662200
586	0.000653900
587	0.000644900
588	0.000664000
589	0.000713400
590	0.001004100
591	0.000950300
592	0.000992600
593	0.000966200
594	0.000835500
595	0.000664600
596	0.000660100
597	0.000662400
598	0.000655100
599	0.000647700
600	0.000657300
601	0.000647200
602	0.000670000
603	0.000654500
604	0.000662500
605	0.000665900
606	0.000695800
607	0.000646400
608	0.000666100
609	0.000645300
610	0.000655600
611	0.000665800
612	0.000655800
613	0.000651300
614	0.000680900
615	0.000652700
616	0.000688000
617	0.000663500
618	0.000656300
619	0.000650000
620	0.000674000
621	0.000654300
622	0.000697300
623	0.000653400
624	0.000652600
625	0.000662200
626	0.000651800
627	0.000649300
628	0.000683000
629	0.000653400
630	0.000662100
631	0.000661000
632	0.000653500
633	0.000649400
634	0.000740100
635	0.000651900
636	0.000662600
637	0.000662000
638	0.000706800
639	0.000652500
640	0.001098400
641	0.001098700
642	0.001084600
643	0.001099600
644	0.001083500
645	0.001099700
646	0.001081200
647	0.001102200
648	0.001123100
649	0.001083800
650	0.001102700
651	0.002787700
652	0.001113900
653	0.001103600
654	0.001099700
655	0.001083400
656	0.001137900
657	0.001080500
658	0.001129200
659	0.001094400
660	0.001097400
661	0.001095800
662	0.001079300
663	0.001096700
664	0.001936500
665	0.001156400
666	0.001083100
667	0.001094100
668	0.001100000
669	0.001081400
670	0.001103000
671	0.001095500
672	0.001103100
673	0.001082100
674	0.001098000
675	0.001160800
676	0.001081600
677	0.001113000
678	0.001081800
679	0.001102500
680	0.001079200
681	0.001096800
682	0.001095700
683	0.001081100
684	0.001110900
685	0.001121300
686	0.001100100
687	0.001080600
688	0.001104700
689	0.001096000
690	0.001081400
691	0.001097900
692	0.001113400
693	0.001731800
694	0.001956200
695	0.001939700
696	0.001963700
697	0.001941500
698	0.001974500
699	0.001956700
700	0.001938000
701	0.002305700
702	0.001133100
703	0.001172500
704	0.000931900
705	0.000891100
706	0.000880700
707	0.000875300
708	0.000905500
709	0.000872700
710	0.000863100
711	0.000872500
712	0.000860100
713	0.000877800
714	0.000872800
715	0.000879200
716	0.000863000
717	0.001052200
718	0.001001100
719	0.001160600
720	0.000897700
721	0.000951800
722	0.001158100
723	0.001245500
724	0.001194700
725	0.001196300
726	0.001056800
727	0.000860800
728	0.000879500
729	0.000886600
730	0.000878500
731	0.000863800
732	0.000862700
733	0.000876200
734	0.000871500
735	0.000876400
736	0.000861900
737	0.000875300
738	0.000869400
739	0.000874500
740	0.000870800
741	0.000910100
742	0.000863000
743	0.000887100
744	0.000864000
745	0.000864800
746	0.000875500
747	0.000863600
748	0.000876000
749	0.000859900
750	0.000877000
751	0.000868200
752	0.000884000
753	0.000879700
754	0.000877300
755	0.000889800
756	0.000865900
757	0.000877100
758	0.000874700
759	0.000875600
760	0.000865500
761	0.000871700
762	0.000860300
763	0.000872800
764	0.000878700
765	0.000882000
766	0.000869700
767	0.000866600
768	0.000984000
769	0.003102100
770	0.001004000
771	0.000995100
772	0.000986600
773	0.001002800
774	0.001000600
775	0.001002800
776	0.000985600
777	0.000994200
778	0.000984800
779	0.000994400
780	0.001000100
781	0.000998200
782	0.001011800
783	0.001366500
784	0.001131900
785	0.001002700
786	0.001000100
787	0.000990900
788	0.000997400
789	0.000986400
790	0.001003100
791	0.000985700
792	0.001004800
793	0.000984300
794	0.001000800
795	0.001000000
796	0.000991700
797	0.000996600
798	0.000986600
799	0.001002100
800	0.001002100
801	0.000998200
802	0.000986400
803	0.000997400
804	0.000987700
805	0.001007200
806	0.001012500
807	0.001029300
808	0.000993300
809	0.001003700
810	0.000988700
811	0.001022100
812	0.000988300
813	0.001010600
814	0.001240300
815	0.001127800
816	0.001022700
817	0.000990900
818	0.001004300
819	0.001001600
820	0.000998200
821	0.000990200
822	0.001000300
823	0.000987300
824	0.001000700
825	0.000984800
826	0.001002300
827	0.000993600
828	0.001002000
829	0.000990500
830	0.001365000
831	0.001222400
832	0.001118700
833	0.001126500
834	0.001126300
835	0.001139700
836	0.001144200
837	0.001114100
838	0.001168700
838	0.001140200
839	0.001117400
840	0.001129700
841	0.001117700
842	0.001288100
843	0.001629500
844	0.001573900
845	0.001694500
846	0.001687600
847	0.001689300
848	0.001671900
849	0.001688000
850	0.001687600
851	0.001690800
852	0.001694300
853	0.001681400
854	0.001684700
855	0.001692900
856	0.001727900
857	0.001675600
858	0.001664800
859	0.001681800
860	0.001424500
861	0.001155700
862	0.001157700
863	0.001148500
864	0.001165800
865	0.001166500
866	0.001146300
867	0.001119800
868	0.001139800
869	0.001118800
870	0.001142500
871	0.001135300
872	0.001124900
873	0.001152700
874	0.001143800
875	0.001132100
876	0.001773600
877	0.001900800
878	0.001184900
879	0.001141100
880	0.001140100
881	0.001151300
882	0.001120000
883	0.001135300
884	0.001146300
885	0.001126500
886	0.001142200
887	0.001123900
888	0.001157300
889	0.001599700
890	0.001348700
891	0.001129300
892	0.001133300
893	0.001117100
894	0.001132300
895	0.001130100
896	0.001758700
897	0.001765600
898	0.001770700
899	0.001764600
900	0.001897200
901	0.001754600
902	0.001763400
903	0.001753800
904	0.001768500
905	0.001781100
906	0.001757500
907	0.001730400
908	0.001747100
909	0.002511700
910	0.001765600
911	0.001757900
912	0.001750500
913	0.001752400
914	0.001780700
915	0.001751700
916	0.001758700
917	0.001757600
918	0.002502300
919	0.001760400
920	0.001764200
921	0.001772800
922	0.001765700
923	0.001747600
924	0.001736300
925	0.001744900
926	0.002096000
927	0.002517100
928	0.001755400
929	0.001747700
930	0.001763400
931	0.001793200
932	0.001739000
933	0.001770800
934	0.001745400
935	0.001856100
936	0.001753600
937	0.001745800
938	0.001759100
939	0.001767900
940	0.001778500
941	0.001748100
942	0.001739900
943	0.001733700
944	0.001834300
945	0.001783200
946	0.001746300
947	0.002144100
948	0.001763100
949	0.001777400
950	0.001758700
951	0.001762200
952	0.001759200
953	0.004712800
954	0.001773900
955	0.001763600
956	0.001765300
957	0.001750400
958	0.001760800
959	0.001750000
960	0.001464200
961	0.001743400
962	0.001485000
963	0.001439700
964	0.001416000
965	0.001409600
966	0.001401200
967	0.001407300
968	0.001416000
969	0.001414400
970	0.001416800
971	0.001406800
972	0.001417700
973	0.001412500
974	0.001416700
975	0.001413000
976	0.001420100
977	0.001424900
978	0.001415200
979	0.001406000
980	0.001407700
981	0.001417000
982	0.001409600
983	0.001909600
984	0.001682000
985	0.001413100
986	0.001418500
987	0.001419600
988	0.001431000
989	0.001440900
990	0.001414100
991	0.001450200
992	0.001432400
993	0.001408500
994	0.001892200
995	0.001480700
996	0.001458600
997	0.001413900
998	0.00144
1018	0.00142
1038	0.00121
1058	0.00124
1079	0.00124
1100	0.00120
1122	0.00153
1144	0.00163
1166	0.00328
1189	0.00229
1212	0.00229
1236	0.00231
1259	0.00236
1284	0.00227
1309	0.00225
1335	0.00231
1361	0.00230
1388	0.00225
1415	0.00209
1443	0.00209
1471	0.00205
1500	0.00207
1530	0.00212
1560	0.00208
1591	0.00385
1622	0.00210
1654	0.00211
1686	0.00380
1719	0.00399
1753	0.00362
1788	0.00356
1823	0.00357
1859	0.00374
1896	0.00359
1934	0.00321
1972	0.00315
2011	0.00475
2051	0.00332
2092	0.00319
2132	0.00436
2174	0.00322
2217	0.00483
2261	0.00604
2306	0.00391
2352	0.00386
2399	0.00380
2447	0.00460
2496	0.00458
2545	0.00467
2596	0.00458
2648	0.00685
2701	0.00511
2755	0.00505
2810	0.00493
2866	0.00500
2923	0.00494
2980	0.00626
3039	0.00684
3099	0.00616
3161	0.00670
3224	0.00641
3288	0.00822
3352	0.00603
3419	0.00638
3487	0.00827
3556	0.01088
3627	0.00910
3699	0.00816
3772	0.00732
3847	0.00771
3924	0.00641
4002	0.01094
4082	0.01169
4163	0.00870
4245	0.00805
4330	0.00814
4416	0.00784
4504	0.00800
4594	0.00793
4685	0.01003
4778	0.00847
4873	0.01183
4970	0.01015
5068	0.01076
5169	0.01155
5272	0.01566
5377	0.00993
5483	0.00990
5592	0.01001
5704	0.01019
5818	0.01007
5933	0.01342
6051	0.01237
6172	0.01443
6294	0.01341
6420	0.01334
6548	0.01223
6679	0.01214
6811	0.01290
6947	0.01589
7086	0.01533
7227	0.01331
7371	0.01475
7518	0.01318
7667	0.01311
7820	0.01390
7975	0.01757
8134	0.02369
8297	0.01842
8462	0.01762
8631	0.01804
8803	0.01907
8979	0.01655
9159	0.01666
9341	0.01949
9528	0.01837
9718	0.01751
9912	0.01760
10109	0.02442
10311	0.02452
10516	0.02367
10726	0.02395
10940	0.02501
11159	0.02247
11381	0.02208
11609	0.02255
11840	0.02252
12077	0.03100
12318	0.03461
12563	0.03283
12814	0.03329
13069	0.02882
13331	0.02769
13597	0.02615
13868	0.02736
14146	0.03955
14428	0.04175
14716	0.04056
15011	0.04367
15310	0.03079
15615	0.03229
15927	0.03317
16246	0.05134
16570	0.03664
16901	0.03605
17238	0.03720
17582	0.04294
17934	0.03661
18292	0.03760
18657	0.04512
19030	0.03703
19410	0.03653
19798	0.03570
20193	0.04569
20596	0.04663
21007	0.05612
21427	0.04430
21855	0.04588
22292	0.04569
22737	0.05140
23191	0.04517
23654	0.04763
24127	0.05596
24609	0.05814
25101	0.05372
25602	0.05531
26114	0.07729
26636	0.05978
27168	0.06564
27710	0.05401