1, 0.0078
2, 0.0079
3, 0.0079
4, 0.0078
5, 0.0079
6, 0.0078
7, 0.0078
8, 0.0079
9, 0.0081
10, 0.0078
11, 0.0080
12, 0.0080
13, 0.0079
14, 0.0080
15, 0.0080
16, 0.0079
17, 0.0080
18, 0.0080
19, 0.0081
20, 0.0080
21, 0.0080
22, 0.0082
23, 0.0087
24, 0.0082
25, 0.0089
26, 0.0081
27, 0.0088
28, 0.0082
29, 0.0089
30, 0.0086
31, 0.0088
32, 0.0089
33, 0.0084
34, 0.0084
35, 0.0083
36, 0.0085
37, 0.0083
38, 0.0084
39, 0.0084
40, 0.0084
41, 0.0085
42, 0.0085
43, 0.0085
44, 0.0085
45, 0.0084
46, 0.0086
47, 0.0085
48, 0.0089
49, 0.0086
50, 0.0088
51, 0.0085
52, 0.0089
53, 0.0085
54, 0.0088
55, 0.0086
56, 0.0087
57, 0.0086
58, 0.0087
59, 0.0087
60, 0.0090
61, 0.0090
62, 0.0086
63, 0.0088
64, 0.0087
65, 0.0091
66, 0.0088
67, 0.0092
68, 0.0089
69, 0.0089
70, 0.0087
71, 0.0089
72, 0.0093
73, 0.0089
74, 0.0090
75, 0.0089
76, 0.0090
77, 0.0088
78, 0.0090
79, 0.0090
80, 0.0091
81, 0.0090
82, 0.0090
83, 0.0091
84, 0.0091
85, 0.0091
86, 0.0091
87, 0.0091
88, 0.0091
89, 0.0091
90, 0.0091
91, 0.0091
92, 0.0091
93, 0.0092
94, 0.0092
95, 0.0092
96, 0.0092
97, 0.0092
98, 0.0094
99, 0.0093
100, 0.0093
101, 0.0094
102, 0.0094
103, 0.0094
104, 0.0095
105, 0.0094
106, 0.0094
107, 0.0095
108, 0.0094
109, 0.0095
110, 0.0096
111, 0.0095
112, 0.0095
113, 0.0096
114, 0.0096
115, 0.0096
116, 0.0096
117, 0.0096
118, 0.0096
119, 0.0102
120, 0.0099
121, 0.0097
122, 0.0097
123, 0.0097
124, 0.0098
125, 0.0097
126, 0.0098
127, 0.0098
128, 0.0098
129, 0.0098
130, 0.0098
131, 0.0099
132, 0.0099
133, 0.0099
134, 0.0099
135, 0.0099
136, 0.0099
137, 0.0100
138, 0.0100
139, 0.0100
140, 0.0099
141, 0.0102
142, 0.0100
143, 0.0101
144, 0.0100
145, 0.0108
146, 0.0101
147, 0.0101
148, 0.0102
149, 0.0102
150, 0.0101
151, 0.0100
152, 0.0102
153, 0.0102
154, 0.0102
155, 0.0103
156, 0.0102
157, 0.0103
158, 0.0103
159, 0.0103
160, 0.0103
161, 0.0103
162, 0.0104
163, 0.0103
164, 0.0105
165, 0.0105
166, 0.0104
167, 0.0106
168, 0.0106
169, 0.0105
170, 0.0106
171, 0.0105
172, 0.0106
173, 0.0106
174, 0.0105
175, 0.0106
176, 0.0107
177, 0.0107
178, 0.0106
179, 0.0106
180, 0.0107
181, 0.0108
182, 0.0108
183, 0.0108
184, 0.0108
185, 0.0109
186, 0.0110
187, 0.0108
188, 0.0108
189, 0.0109
190, 0.0109
191, 0.0108
192, 0.0110
193, 0.0109
194, 0.0111
195, 0.0110
196, 0.0111
197, 0.0113
198, 0.0111
199, 0.0121
200, 0.0112
201, 0.0111
202, 0.0112
203, 0.0112
204, 0.0111
205, 0.0112
206, 0.0112
207, 0.0111
208, 0.0113
209, 0.0113
210, 0.0113
211, 0.0113
212, 0.0113
213, 0.0113
214, 0.0113
215, 0.0114
216, 0.0115
217, 0.0114
218, 0.0116
219, 0.0114
220, 0.0115
221, 0.0115
222, 0.0114
223, 0.0115
224, 0.0116
225, 0.0115
226, 0.0116
227, 0.0115
228, 0.0116
229, 0.0117
230, 0.0117
231, 0.0117
232, 0.0117
233, 0.0118
234, 0.0171
235, 0.0116
236, 0.0118
237, 0.0118
238, 0.0117
239, 0.0118
240, 0.0118
241, 0.0118
242, 0.0120
243, 0.0119
244, 0.0118
245, 0.0119
246, 0.0120
247, 0.0119
248, 0.0120
249, 0.0120
250, 0.0136
251, 0.0122
252, 0.0120
253, 0.0121
254, 0.0121
255, 0.0121
256, 0.0123
257, 0.0121
258, 0.0122
259, 0.0122
260, 0.0122
261, 0.0123
262, 0.0124
263, 0.0140
264, 0.0137
265, 0.0125
266, 0.0126
267, 0.0125
268, 0.0124
269, 0.0126
270, 0.0126
271, 0.0125
272, 0.0127
273, 0.0124
274, 0.0124
275, 0.0126
276, 0.0125
277, 0.0125
278, 0.0125
279, 0.0127
280, 0.0126
281, 0.0126
282, 0.0126
283, 0.0127
284, 0.0128
285, 0.0127
286, 0.0128
287, 0.0127
288, 0.0128
289, 0.0128
290, 0.0128
291, 0.0129
292, 0.0128
293, 0.0128
294, 0.0129
295, 0.0131
296, 0.0129
297, 0.0129
298, 0.0130
299, 0.0128
300, 0.0129
301, 0.0130
302, 0.0130
303, 0.0130
304, 0.0130
305, 0.0130
306, 0.0131
307, 0.0132
308, 0.0131
309, 0.0132
310, 0.0132
311, 0.0131
312, 0.0133
313, 0.0132
314, 0.0134
315, 0.0136
316, 0.0134
317, 0.0135
318, 0.0134
319, 0.0135
320, 0.0134
321, 0.0133
322, 0.0134
323, 0.0135
324, 0.0134
325, 0.0135
326, 0.0135
327, 0.0136
328, 0.0137
329, 0.0136
330, 0.0136
331, 0.0135
332, 0.0136
333, 0.0137
334, 0.0138
335, 0.0138
336, 0.0137
337, 0.0137
338, 0.0138
339, 0.0138
340, 0.0137
341, 0.0138
342, 0.0138
343, 0.0138
344, 0.0138
345, 0.0139
346, 0.0139
347, 0.0139
348, 0.0139
349, 0.0140
350, 0.0139
351, 0.0139
352, 0.0141
353, 0.0141
354, 0.0142
355, 0.0142
356, 0.0142
357, 0.0141
358, 0.0141
359, 0.0141
360, 0.0142
361, 0.0142
362, 0.0143
363, 0.0142
364, 0.0142
365, 0.0144
366, 0.0144
367, 0.0144
368, 0.0144
369, 0.0144
370, 0.0144
371, 0.0144
372, 0.0145
373, 0.0144
374, 0.0145
375, 0.0144
376, 0.0145
377, 0.0145
378, 0.0145
379, 0.0147
380, 0.0147
381, 0.0147
382, 0.0146
383, 0.0148
384, 0.0147
385, 0.0147
386, 0.0147
387, 0.0148
388, 0.0148
389, 0.0150
390, 0.0148
391, 0.0148
392, 0.0148
393, 0.0149
394, 0.0150
395, 0.0150
396, 0.0149
397, 0.0150
398, 0.0150
399, 0.0150
400, 0.0151
401, 0.0164
402, 0.0151
403, 0.0152
404, 0.0152
405, 0.0151
406, 0.0151
407, 0.0153
408, 0.0152
409, 0.0151
410, 0.0153
411, 0.0152
412, 0.0153
413, 0.0153
414, 0.0154
415, 0.0153
416, 0.0154
417, 0.0153
418, 0.0154
419, 0.0154
420, 0.0154
421, 0.0155
422, 0.0154
423, 0.0154
424, 0.0155
425, 0.0156
426, 0.0158
427, 0.0155
428, 0.0157
429, 0.0158
430, 0.0158
431, 0.0158
432, 0.0157
433, 0.0159
434, 0.0158
435, 0.0156
436, 0.0158
437, 0.0158
438, 0.0159
439, 0.0159
440, 0.0160
441, 0.0159
442, 0.0192
443, 0.0226
444, 0.0161
445, 0.0162
446, 0.0160
447, 0.0161
448, 0.0162
449, 0.0160
450, 0.0162
451, 0.0165
452, 0.0164
453, 0.0162
454, 0.0163
455, 0.0162
456, 0.0163
457, 0.0162
458, 0.0164
459, 0.0164
460, 0.0165
461, 0.0164
462, 0.0166
463, 0.0165
464, 0.0173
465, 0.0168
466, 0.0169
467, 0.0167
468, 0.0170
469, 0.0175
470, 0.0196
471, 0.0168
472, 0.0168
473, 0.0168
474, 0.0167
475, 0.0168
476, 0.0167
477, 0.0169
478, 0.0168
479, 0.0170
480, 0.0169
481, 0.0170
482, 0.0171
483, 0.0168
484, 0.0170
485, 0.0170
486, 0.0170
487, 0.0170
488, 0.0171
489, 0.0170
490, 0.0171
491, 0.0171
492, 0.0172
493, 0.0172
494, 0.0174
495, 0.0172
496, 0.0174
497, 0.0173
498, 0.0173
499, 0.0172
500, 0.0171
501, 0.0174
502, 0.0175
503, 0.0174
504, 0.0177
505, 0.0174
506, 0.0178
507, 0.0175
508, 0.0178
509, 0.0178
510, 0.0175
511, 0.0178
512, 0.0179
513, 0.0178
514, 0.0178
515, 0.0176
516, 0.0176
517, 0.0247
518, 0.0177
519, 0.0178
520, 0.0179
521, 0.0179
522, 0.0178
523, 0.0178
524, 0.0179
525, 0.0179
526, 0.0179
527, 0.0182
528, 0.0181
529, 0.0185
530, 0.0182
531, 0.0182
532, 0.0181
533, 0.0181
534, 0.0182
535, 0.0181
536, 0.0182
537, 0.0182
538, 0.0183
539, 0.0183
540, 0.0182
541, 0.0183
542, 0.0184
543, 0.0184
544, 0.0183
545, 0.0184
546, 0.0185
547, 0.0185
548, 0.0184
549, 0.0184
550, 0.0186
551, 0.0194
552, 0.0187
553, 0.0186
554, 0.0186
555, 0.0186
556, 0.0186
557, 0.0187
558, 0.0187
559, 0.0190
560, 0.0223
561, 0.0189
562, 0.0199
563, 0.0227
564, 0.0189
565, 0.0190
566, 0.0191
567, 0.0189
568, 0.0190
569, 0.0190
570, 0.0191
571, 0.0190
572, 0.0190
573, 0.0190
574, 0.0190
575, 0.0191
576, 0.0191
577, 0.0192
578, 0.0191
579, 0.0192
580, 0.0193
581, 0.0192
582, 0.0193
583, 0.0195
584, 0.0193
585, 0.0196
586, 0.0195
587, 0.0193
588, 0.0195
589, 0.0194
590, 0.0195
591, 0.0196
592, 0.0195
593, 0.0196
594, 0.0196
595, 0.0196
596, 0.0218
597, 0.0196
598, 0.0194
599, 0.0196
600, 0.0197
601, 0.0198
602, 0.0197
603, 0.0198
604, 0.0199
605, 0.0197
606, 0.0198
607, 0.0200
608, 0.0199
609, 0.0199
610, 0.0200
611, 0.0201
612, 0.0200
613, 0.0200
614, 0.0199
615, 0.0201
616, 0.0201
617, 0.0202
618, 0.0202
619, 0.0201
620, 0.0201
621, 0.0202
622, 0.0203
623, 0.0203
624, 0.0203
625, 0.0203
626, 0.0204
627, 0.0204
628, 0.0203
629, 0.0203
630, 0.0205
631, 0.0203
632, 0.0205
633, 0.0204
634, 0.0205
635, 0.0205
636, 0.0206
637, 0.0205
638, 0.0207
639, 0.0205
640, 0.0206
641, 0.0207
642, 0.0206
643, 0.0207
644, 0.0208
645, 0.0208
646, 0.0210
647, 0.0208
648, 0.0208
649, 0.0209
650, 0.0209
651, 0.0208
652, 0.0210
653, 0.0211
654, 0.0210
655, 0.0212
656, 0.0211
657, 0.0212
658, 0.0211
659, 0.0213
660, 0.0212
661, 0.0213
662, 0.0213
663, 0.0215
664, 0.0214
665, 0.0213
666, 0.0215
667, 0.0215
668, 0.0218
669, 0.0216
670, 0.0214
671, 0.0215
672, 0.0217
673, 0.0215
674, 0.0215
675, 0.0215
676, 0.0218
677, 0.0218
678, 0.0217
679, 0.0218
680, 0.0217
681, 0.0217
682, 0.0219
683, 0.0221
684, 0.0218
685, 0.0218
686, 0.0220
687, 0.0219
688, 0.0219
689, 0.0220
690, 0.0218
691, 0.0219
692, 0.0221
693, 0.0220
694, 0.0219
695, 0.0221
696, 0.0221
697, 0.0221
698, 0.0224
699, 0.0222
700, 0.0224
701, 0.0225
702, 0.0224
703, 0.0224
704, 0.0224
705, 0.0223
706, 0.0225
707, 0.0225
708, 0.0225
709, 0.0223
710, 0.0224
711, 0.0225
712, 0.0223
713, 0.0228
714, 0.0225
715, 0.0244
716, 0.0226
717, 0.0225
718, 0.0227
719, 0.0228
720, 0.0227
721, 0.0227
722, 0.0232
723, 0.0232
724, 0.0227
725, 0.0228
726, 0.0229
727, 0.0230
728, 0.0229
729, 0.0230
730, 0.0231
731, 0.0231
732, 0.0230
733, 0.0232
734, 0.0230
735, 0.0231
736, 0.0232
737, 0.0231
738, 0.0246
739, 0.0233
740, 0.0232
741, 0.0235
742, 0.0233
743, 0.0232
744, 0.0233
745, 0.0233
746, 0.0234
747, 0.0237
748, 0.0235
749, 0.0235
750, 0.0234
751, 0.0269
752, 0.0238
753, 0.0236
754, 0.0237
755, 0.0237
756, 0.0235
757, 0.0237
758, 0.0240
759, 0.0237
760, 0.0240
761, 0.0237
762, 0.0238
763, 0.0237
764, 0.0240
765, 0.0239
766, 0.0240
767, 0.0238
768, 0.0242
769, 0.0242
770, 0.0247
771, 0.0242
772, 0.0243
773, 0.0242
774, 0.0243
775, 0.0244
776, 0.0243
777, 0.0246
778, 0.0243
779, 0.0243
780, 0.0245
781, 0.0244
782, 0.0244
783, 0.0277
784, 0.0249
785, 0.0245
786, 0.0244
787, 0.0245
788, 0.0246
789, 0.0246
790, 0.0246
791, 0.0246
792, 0.0248
793, 0.0249
794, 0.0248
795, 0.0248
796, 0.0248
797, 0.0247
798, 0.0247
799, 0.0251
800, 0.0251
801, 0.0253
802, 0.0252
803, 0.0251
804, 0.0251
805, 0.0250
806, 0.0251
807, 0.0252
808, 0.0250
809, 0.0252
810, 0.0251
811, 0.0252
812, 0.0251
813, 0.0252
814, 0.0253
815, 0.0254
816, 0.0255
817, 0.0255
818, 0.0256
819, 0.0255
820, 0.0257
821, 0.0259
822, 0.0255
823, 0.0261
824, 0.0257
825, 0.0257
826, 0.0260
827, 0.0256
828, 0.0257
829, 0.0257
830, 0.0259
831, 0.0258
832, 0.0260
833, 0.0258
834, 0.0260
835, 0.0259
836, 0.0260
837, 0.0259
838, 0.0262
839, 0.0260
840, 0.0260
841, 0.0259
842, 0.0263
843, 0.0260
844, 0.0263
845, 0.0263
846, 0.0261
847, 0.0262
848, 0.0262
849, 0.0263
850, 0.0263
851, 0.0264
852, 0.0263
853, 0.0264
854, 0.0266
855, 0.0264
856, 0.0264
857, 0.0264
858, 0.0263
859, 0.0266
860, 0.0269
861, 0.0267
862, 0.0267
863, 0.0271
864, 0.0267
865, 0.0269
866, 0.0278
867, 0.0269
868, 0.0273
869, 0.0272
870, 0.0271
871, 0.0270
872, 0.0272
873, 0.0272
874, 0.0271
875, 0.0272
876, 0.0274
877, 0.0273
878, 0.0272
879, 0.0275
880, 0.0275
881, 0.0278
882, 0.0282
883, 0.0281
884, 0.0275
885, 0.0277
886, 0.0276
887, 0.0274
888, 0.0276
889, 0.0279
890, 0.0278
891, 0.0276
892, 0.0280
893, 0.0279
894, 0.0278
895, 0.0282
896, 0.0280
897, 0.0290
898, 0.0282
899, 0.0280
900, 0.0282
901, 0.0286
902, 0.0286
903, 0.0283
904, 0.0284
905, 0.0313
906, 0.0316
907, 0.0294
908, 0.0302
909, 0.0292
910, 0.0285
911, 0.0283
912, 0.0291
913, 0.0284
914, 0.0286
915, 0.0283
916, 0.0284
917, 0.0284
918, 0.0285
919, 0.0283
920, 0.0283
921, 0.0285
922, 0.0283
923, 0.0284
924, 0.0286
925, 0.0285
926, 0.0286
927, 0.0286
928, 0.0284
929, 0.0285
930, 0.0287
931, 0.0289
932, 0.0287
933, 0.0290
934, 0.0289
935, 0.0289
936, 0.0303
937, 0.0291
938, 0.0290
939, 0.0289
940, 0.0293
941, 0.0295
942, 0.0293
943, 0.0295
944, 0.0294
945, 0.0294
946, 0.0294
947, 0.0293
948, 0.0296
949, 0.0297
950, 0.0297
951, 0.0294
952, 0.0293
953, 0.0295
954, 0.0294
955, 0.0294
956, 0.0292
957, 0.0295
958, 0.0296
959, 0.0296
960, 0.0297
961, 0.0295
962, 0.0297
963, 0.0297
964, 0.0298
965, 0.0299
966, 0.0300
967, 0.0300
968, 0.0301
969, 0.0303
970, 0.0304
971, 0.0303
972, 0.0305
973, 0.0303
974, 0.0308
975, 0.0303
976, 0.0303
977, 0.0303
978, 0.0301
979, 0.0301
980, 0.0302
981, 0.0301
982, 0.0302
983, 0.0304
984, 0.0388
985, 0.0307
986, 0.0305
987, 0.0307
988, 0.0306
989, 0.0311
990, 0.0308
991, 0.0309
992, 0.0309
993, 0.0308
994, 0.0308
995, 0.0310
996, 0.0311
997, 0.0308
998, 0.0310
999, 0.0312
1000, 0.0311
1020, 0.0314
1040, 0.0321
1060, 0.0328
1081, 0.0334
1102, 0.0342
1124, 0.0350
1146, 0.0355
1168, 0.0365
1191, 0.0374
1214, 0.0380
1238, 0.0388
1262, 0.0395
1287, 0.0405
1312, 0.0411
1338, 0.0422
1364, 0.0431
1391, 0.0440
1418, 0.0449
1446, 0.0462
1474, 0.0471
1503, 0.0478
1533, 0.0493
1563, 0.0503
1594, 0.0516
1625, 0.0528
1657, 0.0545
1690, 0.0555
1723, 0.0567
1757, 0.0588
1792, 0.0596
1827, 0.0618
1863, 0.0630
1900, 0.0643
1938, 0.0667
1976, 0.0683
2015, 0.0706
2055, 0.0716
2096, 0.0738
2137, 0.0757
2179, 0.0777
2222, 0.0796
2266, 0.0822
2311, 0.0841
2357, 0.0866
2404, 0.0889
2452, 0.0920
2501, 0.0939
2551, 0.0969
2602, 0.1002
2654, 0.1028
2707, 0.1061
2761, 0.1092
2816, 0.1118
2872, 0.1151
2929, 0.1186
2987, 0.1212
3046, 0.1258
3106, 0.1303
3168, 0.1340
3231, 0.1402
3295, 0.1441
3360, 0.1465
3427, 0.1514
3495, 0.1556
3564, 0.1602
3635, 0.1654
3707, 0.1703
3781, 0.1748
3856, 0.1810
3933, 0.1884
4011, 0.1938
4091, 0.1994
4172, 0.2054
4255, 0.2128
4340, 0.2236
4426, 0.2289
4514, 0.2336
4604, 0.2421
4696, 0.2538
4789, 0.2571
4884, 0.2679
4981, 0.2742
5080, 0.2851
5181, 0.2944
5284, 0.3084
5389, 0.3237
5496, 0.3344
5605, 0.3438
5717, 0.3563
5831, 0.3584
5947, 0.3712
6065, 0.3839
6186, 0.3988
6309, 0.4115
6435, 0.4314
6563, 0.4484
6694, 0.4548
6827, 0.4788
6963, 0.4878
7102, 0.5072
7244, 0.5234
7388, 0.5405
7535, 0.5608
7685, 0.5886
7838, 0.5997
7994, 0.6492
8153, 0.6459
8316, 0.6668
8482, 0.6919
8651, 0.7168
8824, 0.7434
9000, 0.7686
9180, 0.7965
9363, 0.8247
9550, 0.8535
9741, 0.8856
9935, 0.9228
10133, 0.9520
10335, 0.9880
10541, 1.0234
10751, 1.0642
10966, 1.1105
11185, 1.1809
11408, 1.1877
11636, 1.2293
11868, 1.2755
12105, 1.3397
12347, 1.3902
12593, 1.4212
12844, 1.4768
13100, 1.5506
13362, 1.5868
13629, 1.6626
13901, 1.7063
14179, 1.7748
14462, 1.8490
14751, 1.9121
15046, 1.9834
15346, 2.0608
15652, 2.1452
15965, 2.2247
16284, 2.2975
16609, 2.4031
16941, 2.5493
17279, 2.6048
17624, 2.7051
17976, 2.8178
18335, 2.9016
18701, 3.0185
19075, 3.1281
19456, 3.2485
19845, 3.3728
20241, 3.4957
20645, 3.6772
21057, 3.7795
21478, 3.9055
21907, 4.0761
22345, 4.2031
22791, 4.3659
23246, 4.5249
23710, 4.7180
24184, 4.8966
24667, 5.0826
25160, 5.2985
25663, 5.4839
26176, 5.6911
26699, 5.9415
27232, 6.1555
27776, 6.3988
28331, 6.6503
28897, 6.9285
29474, 7.1832
30063, 7.4991
30664, 7.7512
31277, 8.0648
31902, 8.3525
32540, 8.6996
33190, 9.0185
33853, 9.3889
34530, 9.7610
35220, 10.1621