make build --directory=src -s
 linking num object lib
building num exec src

59857	0.51838
59867	0.51891
59877	0.51975
59887	0.54959
59897	0.51785
59907	0.53081
59917	0.51867
59927	0.51998
59937	0.52465
59947	0.52160
59957	0.51822
59967	0.51617
59977	0.51692
59987	0.51724
59997	0.51920
60007	0.52600
60017	0.52664
60027	0.53397
60037	0.52700
60047	0.55887
60057	0.54675
60067	0.54133
60077	0.55094
60087	0.60590
60097	0.52746
60107	0.52489
60117	0.52227
60127	0.52475
60137	0.57133
60147	0.54697
60157	0.52237
60167	0.30448
60177	0.30551
60187	0.31119
60197	0.31931
60207	0.30346
60217	0.30701
60227	0.30967
60237	0.30443
60247	0.31195
60257	0.32088
60267	0.30435
60276	0.35370
60286	0.34497
60296	0.32221
60306	0.32801
60316	0.30944
60326	0.30907
60336	0.31445
60346	0.31102
60356	0.30080
60366	0.31924
60376	0.30524
60386	0.30281
60396	0.30206
60406	0.30615
60416	0.30314
60426	0.30192
60436	0.30270
60446	0.30419
60456	0.30477
60466	0.30452
60476	0.30960
60486	0.30559
60496	0.30242
60506	0.30263
60516	0.30355
60526	0.30458
60536	0.30263
60546	0.30372
60556	0.30702
60566	0.30206
60576	0.31363
60586	0.30614
60596	0.37826
60606	0.40984
60616	0.32350
60626	0.30273
60636	0.30151
60646	0.31141
60656	0.30314
60666	0.30309
60676	0.30960
60686	0.30283
60695	0.30949
60705	0.30930
60715	0.30881
60725	0.30535
60735	0.30475
60745	0.30398
60755	0.30291
60765	0.35714
60775	0.30908
60785	0.31005
60795	0.30608
60805	0.35960
60815	0.31133
60825	0.30856
60835	0.31470
60845	0.30456
60855	0.30526
60865	0.36300
60875	0.30473
60885	0.30945
60895	0.30771
60905	0.31105
60915	0.31092
60925	0.34062
60935	0.41850
60945	0.31542
60955	0.30545
60965	0.30641
60975	0.31304
60985	0.31604
60995	0.30514
61005	0.33500
61015	0.34244
61025	0.31090
61035	0.30425
61045	0.30795
61055	0.30551
61065	0.31198
61075	0.38328
61085	0.30607
61095	0.31359
61105	0.30929
61114	0.31787
61124	0.30372
61134	0.30873
61144	0.30269
61154	0.31281
61164	0.33361
61174	0.31041
61184	0.55976
61194	0.55589
61204	0.54775
61214	0.61278
61224	0.55050
61234	0.69718
61244	0.56470
61254	0.57246
61264	0.56063
61274	0.55457
61284	0.63475
61294	0.55264
61304	0.56213
61314	0.56284
61324	0.55089
61334	0.54775
61344	0.54804
61354	0.54859
61364	0.54667
61374	0.54850
61384	0.54826
61394	0.54668
61404	0.55935
61414	0.56285
61424	0.55047
61434	0.56876
61444	0.58405
61454	0.67000
61464	0.54916
61474	0.59247
61484	0.54811
61494	0.54783
61504	0.54755
61514	0.56820
61524	0.55377
61533	0.58245
61543	0.59978
61553	0.55246
61563	0.55014
61573	0.56312
61583	0.54727
61593	0.63223
61603	0.61273
61613	0.56465
61623	0.55174
61633	0.54928
61643	0.56105
61653	0.60274
61663	0.56532
61673	0.55588
61683	0.55465
61693	0.57432
61703	0.62228
61713	0.55462
61723	0.56044
61733	0.55342
61743	0.56084
61753	0.59606
61763	0.60973
61773	0.62389
61783	0.56418
61793	0.63477
61803	0.55650
61813	0.55001
61823	0.58980
61833	0.58129
61843	0.56740
61853	0.61205
61863	0.58872
61873	0.63452
61883	0.60890
61893	0.57547
61903	0.57888
61913	0.57730
61923	0.59793
61933	0.60408
61943	0.65067
61952	0.58663
61962	0.59191
61972	0.59956
61982	0.59129
61992	0.64194
62002	0.57969
62012	0.58749
62022	0.58780
62032	0.59314
62042	0.64383
62052	0.54742
62062	0.57300
62072	0.55144
62082	0.54932
62092	0.55390
62102	0.54909
62112	0.54994
62122	0.58143
62132	0.66841
62142	0.56200
62152	0.55133
62162	0.57896
62172	0.55762
62182	0.57870
62192	0.57912
62202	0.56103
62212	0.33139
62222	0.34099
62232	0.34342
62242	0.32344
62252	0.34308
62262	0.33847
62272	0.32162
62282	0.32927
62292	0.32118
62302	0.32259
62312	0.32074
62322	0.32982
62332	0.35457
62342	0.39923
62352	0.32844
62362	0.33291
62371	0.32874
62381	0.34730
62391	0.33092
62401	0.32240
62411	0.32142
62421	0.34438
62431	0.34145
62441	0.33151
62451	0.32649
62461	0.32729
62471	0.32900
62481	0.32499
62491	0.32199
62501	0.33675
62511	0.32882
62521	0.32912
62531	0.32359
62541	0.32441
62551	0.44172
62561	0.38863
62571	0.36610
62581	0.44169
62591	0.38190
62601	0.34945
62611	0.32304
62621	0.32777
62631	0.32921
62641	0.32176
62651	0.43984
62661	0.32748
62671	0.33124
62681	0.32088
62691	0.39412
62701	0.39160
62711	0.32349
62721	0.32535
62731	0.32173
62741	0.32482
62751	0.32810
62761	0.32844
62771	0.33494
62781	0.32842
62790	0.34829
62800	0.33620
62810	0.33053
62820	0.32992
62830	0.32769
62840	0.33340
62850	0.32924
62860	0.36748
62870	0.34373
62880	0.34315
62890	0.33789
62900	0.31895
62910	0.33111
62920	0.34877
62930	0.34366
62940	0.33119
62950	0.36726
62960	0.32484
62970	0.32544
62980	0.32556
62990	0.37023
63000	0.32143
63010	0.35871
63020	0.31982
63030	0.32067
63040	0.33857
63050	0.32419
63060	0.32078
63070	0.32454
63080	0.32104
63090	0.32884
63100	0.32623
63110	0.36288
63120	0.38139
63130	0.32585
63140	0.33311
63150	0.37471
63160	0.36427
63170	0.32833
63180	0.33338
63190	0.32633
63200	0.36012
63209	0.35992
63219	0.32913
63229	0.33136
63239	0.62947
63249	0.60498
63259	0.58276
63269	0.58347
63279	0.67258
63289	0.62682
63299	0.62423
63309	0.62435
63319	0.59151
63329	0.58386
63339	0.58623
63349	0.58781
63359	0.63617
63369	0.58485
63379	0.58183
63389	0.58461
63399	0.61957
63409	0.58583
63419	0.58408
63429	0.59432
63439	0.62255
63449	0.59125
63459	0.58572
63469	0.63633
63479	0.60094
63489	0.62421
63499	0.61208
63509	0.58774
63519	0.58633
63529	0.58361
63539	0.58352
63549	0.58445
63559	0.60337
63569	0.66978
63579	0.61009
63589	0.65646
63599	0.65983
63609	0.58593
63619	0.59281
63628	0.58166
63638	0.58137
63648	0.65187
63658	0.58350
63668	0.58177
63678	0.64648
63688	0.58069
63698	0.67804
63708	0.58447
63718	0.60218
63728	0.58246
63738	0.59792
63748	0.59769
63758	0.63586
63768	0.64424
63778	0.59030
63788	0.62163
63798	0.59552
63808	0.58246
63818	0.68766
63828	0.65616
63838	0.62951
63848	0.58203
63858	0.58097
63868	0.58082
63878	0.66420
63888	0.58384
63898	0.58183
63908	0.58033
63918	0.59740
63928	0.64244
63938	0.58984
63948	0.60184
63958	0.63319
63968	0.59542
63978	0.65694
63988	0.64317
63998	0.60600
64008	0.60071
64018	0.60821
64028	0.61273
64038	0.62601
64047	0.62223
64057	0.60694
64067	0.60369
64077	0.60522
64087	0.61774
64097	0.61896
64107	0.65027
64117	0.59283
64127	0.59333
64137	0.68276
64147	0.60345
64157	0.60011
64167	0.58472
64177	0.58858
64187	0.61475
64197	0.62470
64207	0.62526
64217	0.64842
64227	0.65375
64237	0.59106
64247	0.59421
64257	0.22012
64267	0.22326
64277	0.22170
64287	0.21992
64297	0.23894
64307	0.22155
64317	0.22216
64327	0.23228
64337	0.23371
64347	0.22750
64357	0.23454
64367	0.23376
64377	0.24295
64387	0.22468
64397	0.25303
64407	0.25336
64417	0.25108
64427	0.25385
64437	0.23837
64447	0.23110
64456	0.22342
64466	0.22599
64476	0.22313
64486	0.22577
64496	0.22827
64506	0.22774
64516	0.23570
64526	0.23250
64536	0.22751
64546	0.24152
64556	0.23519
64566	0.23042
64576	0.23474
64586	0.22240
64596	0.22162
64606	0.26681
64616	0.24198
64626	0.22890
64636	0.21883
64646	0.24194
64656	0.24849
64666	0.22925
64676	0.21940
64686	0.21887
64696	0.21657
64706	0.24082
64716	0.22486
64726	0.22921
64736	0.22170
64746	0.21858
64756	0.22045
64766	0.22170
64776	0.22162
64786	0.22100
64796	0.22302
64806	0.22136
64816	0.21722
64826	0.22199
64836	0.21953
64846	0.21841
64856	0.21809
64866	0.22883
64875	0.22003
64885	0.22871
64895	0.22151
64905	0.21840
64915	0.21843
64925	0.22402
64935	0.22820
64945	0.22752
64955	0.22104
64965	0.23901
64975	0.23926
64985	0.23632
64995	0.23023
65005	0.22242
65015	0.23801
65025	0.26569
65035	0.22821
65045	0.23485
65055	0.22845
65065	0.22789
65075	0.22478
65085	0.23365
65095	0.22383
65105	0.22960
65115	0.26590
65125	0.24866
65135	0.22191
65145	0.26615
65155	0.22502
65165	0.25997
65175	0.23160
65185	0.22878
65195	0.23492
65205	0.22589
65215	0.22573
65225	0.22299
65235	0.22040
65245	0.21887
65255	0.21890
65265	0.22142
65275	0.22459
65285	0.67977
65294	0.64915
65304	0.66189
65314	0.63768
65324	0.63548
65334	0.65500
65344	0.67116
65354	0.67065
65364	0.71844
65374	0.66723
65384	0.64889
65394	0.63754
65404	0.62966
65414	0.63835
65424	0.72193
65434	0.63989
65444	0.62880
65454	0.67411
65464	0.67852
65474	0.64970
65484	0.66308
65494	0.64653
65504	0.61985
65514	0.63976
65524	0.62769
65534	0.67695
65544	0.25649
65554	0.25329
65564	0.25776
65574	0.25675
65584	0.27041
65594	0.25198
65604	0.25630
65614	0.25763
65624	0.26921
65634	0.26148
65644	0.25169
65654	0.28689
65664	0.27466
65674	0.25645
65684	0.24605
65694	0.24776
65704	0.24461
65713	0.32012
65723	0.27467
65733	0.25083
65743	0.25605
65753	0.27876
65763	0.24874
65773	0.24824
65783	0.25741
65793	0.25761
65803	0.25751
65813	0.25261
65823	0.28434
65833	0.28869
65843	0.28458
65853	0.25380
65863	0.27134
65873	0.25469
65883	0.26041
65893	0.25651
65903	0.25191
65913	0.25639
65923	0.25885
65933	0.27490
65943	0.25287
65953	0.25601
65963	0.32396
65973	0.28604
65983	0.27227
65993	0.27070
66003	0.25974
66013	0.25031
66023	0.25085
66033	0.32874
66043	0.33812
66053	0.34495
66063	0.32657
66073	0.32257
66083	0.32834
66093	0.29781
66103	0.30132
66113	0.31685
66123	0.29384
66132	0.26840
66142	0.27518
66152	0.27382
66162	0.31286
66172	0.27946
66182	0.25044
66192	0.24880
66202	0.27414
66212	0.29913
66222	0.28941
66232	0.28448
66242	0.33509
66252	0.32039
66262	0.31700
66272	0.32364
66282	0.29725
66292	0.26284
66302	0.27876
66312	0.25287
66322	0.25451
66332	0.24786
66342	0.25319
66352	0.24737
66362	0.27525
66372	0.30178
66382	0.30070
66392	0.30270
66402	0.27347
66412	0.24841
66422	0.25777
66432	0.25032
66442	0.25399
66452	0.25182
66462	0.28171
66472	0.31424
66482	0.29092
66492	0.30031
66502	0.28950
66512	0.31633
66522	0.32077
66532	0.29901
66542	0.31468
66551	0.30074
66561	0.27832
66571	0.29771
66581	0.31556
66591	0.32201
66601	0.32442
66611	0.28284
66621	0.30295
66631	0.30072
66641	0.32077
66651	0.29320
66661	0.26901
66671	0.25268
66681	0.25134
66691	0.25401
66701	0.25235
66711	0.25873
66721	0.26562
66731	0.26142
66741	0.30239
66751	0.25547
66761	0.25993
66771	0.25536
66781	0.25650
66791	0.25274
66801	0.25208
66811	0.25010
66821	0.25166
66831	0.26199
66841	0.32120
66851	0.25993
66861	0.26110
66871	0.25283
66881	0.27577
66891	0.25510
66901	0.27408
66911	0.24990
66921	0.25269
66931	0.25188
66941	0.25606
66951	0.24914
66961	0.24912
66970	0.25374
66980	0.25283
66990	0.27067
67000	0.25095
67010	0.25243
67020	0.25071
67030	0.26164
67040	0.25552
67050	0.25413
67060	0.25237
67070	0.24945
67080	0.24595
67090	0.25250
67100	0.25324
67110	0.31204
67120	0.24907
67130	0.25092
67140	0.25891
67150	0.24971
67160	0.26385
67170	0.25899
67180	0.25960
67190	0.25799
67200	0.26814
67210	0.28468
67220	0.27519
67230	0.27421
67240	0.26716
67250	0.27483
67260	0.27668
67270	0.29607
67280	0.27946
67290	0.32076
67300	0.26626
67310	0.25713
67320	0.25654
67330	0.29683
67340	0.26650
67350	0.30652
67360	0.25861
67370	0.26171
67380	0.27160
67389	0.28145
67399	0.25707
67409	0.26047
67419	0.31257
67429	0.27645
67439	0.28426
67449	0.26567
67459	0.25774
67469	0.25916
67479	0.25187
67489	0.25561
67499	0.28735
67509	0.27785
67519	0.26996
67529	0.29696
67539	0.27103
67549	0.27579
67559	0.26605
67569	0.26668
67579	0.27793
67589	0.30372
67599	0.29417
67609	0.34025
67619	0.26075
67629	0.29807
67639	0.31811
67649	0.28690
67659	0.28062
67669	0.26462
67679	0.26042
67689	0.26049
67699	0.28171
67709	0.26144
67719	0.27288
67729	0.27059
67739	0.27700
67749	0.30351
67759	0.26849
67769	0.26213
67779	0.25672
67789	0.26391
67799	0.27327
67808	0.25832
67818	0.25710
67828	0.29580
67838	0.25614
67848	0.28732
67858	0.27765
67868	0.27886
67878	0.26820
67888	0.29393
67898	0.35191
67908	0.26517
67918	0.26491
67928	0.29655
67938	0.30096
67948	0.27651
67958	0.27929
67968	0.27275
67978	0.33943
67988	0.32806
67998	0.30127
68008	0.26195
68018	0.25155
68028	0.27171
68038	0.28120
68048	0.26484
68058	0.27484
68068	0.28029
68078	0.31516
68088	0.27424
68098	0.29216
68108	0.29026
68118	0.24875
68128	0.27903
68138	0.28170
68148	0.27466
68158	0.27082
68168	0.28032
68178	0.27515
68188	0.29207
68198	0.27582
68208	0.29359
68218	0.27110
68227	0.27921
68237	0.28023
68247	0.30186
68257	0.24735
68267	0.25419
68277	0.26734
68287	0.26117
68297	0.26063
68307	0.26205
68317	0.26783
68327	0.28156
68337	0.26778
68347	0.27628
68357	0.27330
68367	0.26365
68377	0.26708
68387	0.25909
68397	0.26668
68407	0.25792
68417	0.28392
68427	0.28221
68437	0.27667
68447	0.30143
68457	0.31682
68467	0.26988
68477	0.28517
68487	0.27500
68497	0.30704
68507	0.26135
68517	0.29045
68527	0.28924
68537	0.25885
68547	0.26309
68557	0.25191
68567	0.25151
68577	0.25108
68587	0.25692
68597	0.26947
68607	0.34568
68617	0.34638
68627	0.25773
68637	0.26455
68646	0.25416
68656	0.24739
68666	0.25222
68676	0.25244
68686	0.25322
68696	0.24787
68706	0.25500
68716	0.24754
68726	0.34533
68736	0.25410
68746	0.25753
68756	0.24820
68766	0.25935
68776	0.25273
68786	0.26328
68796	0.29973
68806	0.25799
68816	0.25301
68826	0.25659
68836	0.28378
68846	0.28143
68856	0.26572
68866	0.27014
68876	0.25809
68886	0.30295
68896	0.27679
68906	0.26167
68916	0.25490
68926	0.26806
68936	0.25121
68946	0.27208
68956	0.30519
68966	0.25042
68976	0.24565
68986	0.27629
68996	0.26175
69006	0.25305
69016	0.25501
69026	0.26787
69036	0.25240
69046	0.25268
69056	0.32671
69065	0.28016
69075	0.25407
69085	0.25142
69095	0.25751
69105	0.25495
69115	0.25264
69125	0.28402
69135	0.28097
69145	0.27357
69155	0.30607
69165	0.27541
69175	0.30300
69185	0.28694
69195	0.29558
69205	0.28502
69215	0.27391
69225	0.27586
69235	0.27786
69245	0.27658
69255	0.27587
69265	0.27963
69275	0.28163
69285	0.27342
69295	0.27922
69305	0.28860
69315	0.28480
69325	0.30850
69335	0.29366
69345	0.29157
69355	0.29849
69365	0.29579
69375	0.29193
69385	0.28485
69395	0.27863
69405	0.27541
69415	0.27119
69425	0.27639
69435	0.28907
69445	0.32845
69455	0.35517
69465	0.28515
69475	0.31319
69484	0.33780
69494	0.32691
69504	0.28292
69514	0.28266
69524	0.28036
69534	0.33509
69544	0.29152
69554	0.29841
69564	0.36373
69574	0.28167
69584	0.29146
69594	0.29227
69604	0.30767
69614	0.27660
69624	0.37465
69634	0.30242
69644	0.32312
69654	0.30047
69664	0.31214
69674	0.31281
69684	0.32576
69694	0.36239
69704	0.32916
69714	0.29449
69724	0.31220
69734	0.29837
69744	0.32216
69754	0.32169
69764	0.28259
69774	0.33228
69784	0.33777
69794	0.35064
69804	0.28343
69814	0.36019
69824	0.30647
69834	0.29392
69844	0.28226
69854	0.29444
69864	0.27645
69874	0.27654
69884	0.31263
69894	0.29894
69903	0.33802
69913	0.28428
69923	0.30964
69933	0.27774
69943	0.32623
69953	0.38855
69963	0.34325
69973	0.30564
69983	0.29420
69993	0.32651
70003	0.36969
70013	0.35063
70023	0.30077
70033	0.29208
70043	0.31256
70053	0.28805
70063	0.27481
70073	0.27733
70083	0.28522
70093	0.27380
70103	0.27397
70113	0.30826
70123	0.30916
70133	0.27606
70143	0.27592
70153	0.27770
70163	0.31809
70173	0.27651
70183	0.28536
70193	0.27834
70203	0.27613
70213	0.27605
70223	0.27796
70233	0.27681
70243	0.27868
70253	0.29238
70263	0.28162
70273	0.28069
70283	0.29345
70293	0.30298
70303	0.31484
70313	0.30358
70322	0.30639
70332	0.27066
70342	0.27809
70352	0.27338
70362	0.29338
70372	0.28668
70382	0.32538
70392	0.31255
70402	0.30734
70412	0.32866
70422	0.27324
70432	0.26871
70442	0.29894
70452	0.27542
70462	0.27537
70472	0.27507
70482	0.28186
70492	0.27252
70502	0.27605
70512	0.27033
70522	0.27443
70532	0.27150
70542	0.27963
70552	0.27063
70562	0.33479
70572	0.28056
70582	0.28359
70592	0.32245
70602	0.32486
70612	0.32866
70622	0.32769
70632	0.32372
70642	0.30042
70652	0.29219
70662	0.31989
70672	0.30207
70682	0.28139
70692	0.27367
70702	0.27487
70712	0.35437
70722	0.29890
70732	0.27342
70741	0.27385
70751	0.27688
70761	0.27626
70771	0.27882
70781	0.27282
70791	0.27599
70801	0.27356
70811	0.28442
70821	0.27710
70831	0.28505
70841	0.29573
70851	0.34151
70861	0.28663
70871	0.28359
70881	0.30305
70891	0.28483
70901	0.28865
70911	0.30089
70921	0.32868
70931	0.32024
70941	0.29937
70951	0.28204
70961	0.28002
70971	0.27663
70981	0.27364
70991	0.31768
71001	0.39187
71011	0.28142
71021	0.30860
71031	0.27583
71041	0.27713
71051	0.30157
71061	0.32232
71071	0.29749
71081	0.28208
71091	0.30804
71101	0.29475
71111	0.35019
71121	0.28508
71131	0.34851
71141	0.38473
71151	0.28471
71160	0.31861
71170	0.34862
71180	0.30387
71190	0.31985
71200	0.27440
71210	0.29942
71220	0.34369
71230	0.34956
71240	0.34009
71250	0.28878
71260	0.30238
71270	0.30682
71280	0.29252
71290	0.29197
71300	0.28794
71310	0.28551
71320	0.29425
71330	0.33758
71340	0.35776
71350	0.30272
71360	0.31317
71370	0.37680
71380	0.36193
71390	0.37934
71400	0.34083
71410	0.29812
71420	0.29209
71430	0.35541
71440	0.30335
71450	0.30512
71460	0.26840
71470	0.28717
71480	0.32737
71490	0.39585
71500	0.27266
71510	0.32091
71520	0.30259
71530	0.29048
71540	0.27925
71550	0.28206
71560	0.28239
71570	0.28151
71579	0.28736
71589	0.29067
71599	0.27799
71609	0.27749
71619	0.31671
71629	0.36058
71639	0.30079
71649	0.28074
71659	0.28000
71669	0.27203
71679	0.28410
71689	0.34430
71699	0.40124
71709	0.33843
71719	0.28570
71729	0.28036
71739	0.27643
71749	0.33469
71759	0.28781
71769	0.28324
71779	0.29542
71789	0.32267
71799	0.27706
71809	0.33323
71819	0.27112
71829	0.27000
71839	0.27474
71849	0.36043
71859	0.35384
71869	0.34556
71879	0.27712
71889	0.28186
71899	0.27918
71909	0.30779
71919	0.28207
71929	0.27840
71939	0.28778
71949	0.31647
71959	0.28022
71969	0.29977
71979	0.35255
71989	0.27844
71998	0.27756
72008	0.27364
72018	0.29937
72028	0.29910
72038	0.28082
72048	0.28212
72058	0.27831
72068	0.27748
72078	0.28912
72088	0.39075
72098	0.31038
72108	0.27361
72118	0.28388
72128	0.28552
72138	0.29772
72148	0.27476
72158	0.29948
72168	0.31637
72178	0.28667
72188	0.37224
72198	0.27644
72208	0.27471
72218	0.28089
72228	0.35578
72238	0.30548
72248	0.29287
72258	0.27760
72268	0.27561
72278	0.28672
72288	0.27535
72298	0.30877
72308	0.29821
72318	0.32726
72328	0.34348
72338	0.31228
72348	0.36887
72358	0.32713
72368	0.37671
72378	0.39457
72388	0.27350
72398	0.27399
72408	0.26774
72417	0.36641
72427	0.27590
72437	0.27467
72447	0.32316
72457	0.28927
72467	0.27804
72477	0.28186
72487	0.28297
72497	0.28387
72507	0.39808
72517	0.35261
72527	0.28149
72537	0.27607
72547	0.30622
72557	0.28092
72567	0.31484
72577	0.30743
72587	0.30465
72597	0.28042
72607	0.28401
72617	0.27957
72627	0.28478
72637	0.27896
72647	0.28512
72657	0.28583
72667	0.29406
72677	0.29414
72687	0.31165
72697	0.32290
72707	0.33030
72717	0.30916
72727	0.34369
72737	0.30264
72747	0.32735
72757	0.29967
72767	0.28950
72777	0.28977
72787	0.29123
72797	0.29145
72807	0.32542
72817	0.28442
72827	0.32107
72836	0.31910
72846	0.29060
72856	0.27733
72866	0.28332
72876	0.28112
72886	0.38656
72896	0.31483
72906	0.28097
72916	0.28226
72926	0.30778
72936	0.27213
72946	0.28011
72956	0.35416
72966	0.27483
72976	0.28067
72986	0.27994
72996	0.29318
73006	0.31777
73016	0.27543
73026	0.31920
73036	0.32364
73046	0.27758
73056	0.30306
73066	0.28597
73076	0.35095
73086	0.28502
73096	0.28328
73106	0.29729
73116	0.38109
73126	0.31540
73136	0.28332
73146	0.31041
73156	0.33428
73166	0.29785
73176	0.31115
73186	0.32556
73196	0.28284
73206	0.28228
73216	0.31208
73226	0.35432
73236	0.30025
73246	0.31035
73255	0.32489
73265	0.30947
73275	0.30868
73285	0.31326
73295	0.35252
73305	0.32795
73315	0.31592
73325	0.34187
73335	0.34381
73345	0.30452
73355	0.38535
73365	0.34637
73375	0.33749
73385	0.32414
73395	0.39091
73405	0.32352
73415	0.33844
73425	0.37859
73435	0.31369
73445	0.33308
73455	0.34767
73465	0.35928
73475	0.31417
73485	0.30868
73495	0.30560
73505	0.31403
73515	0.37473
73525	0.37488
73535	0.35843
73545	0.32381
73555	0.37234
73565	0.34629
73575	0.34848
73585	0.33233
73595	0.32316
73605	0.31264
73615	0.35168
73625	0.32032
73635	0.33402
73645	0.31151
73655	0.33311
73664	0.36341
73674	0.31065
73684	0.34850
73694	0.31754
73704	0.31388
73714	0.32389
73724	0.30976
73734	0.37911
73744	0.32973
73754	0.38079
73764	0.32053
73774	0.37151
73784	0.35144
73794	0.34201
73804	0.30934
73814	0.31603
73824	0.34168
73834	0.35555
73844	0.30507
73854	0.40647
73864	0.39506
73874	0.35749
73884	0.33196
73894	0.36407
73904	0.36307
73914	0.42322
73924	0.36578
73934	0.39325
73944	0.39471
73954	0.38529
73964	0.37776
73974	0.32983
73984	0.35510
73994	0.30475
74004	0.30386
74014	0.38361
74024	0.31232
74034	0.31358
74044	0.31089
74054	0.33477
74064	0.30201
74074	0.41327
74083	0.30876
74093	0.34251
74103	0.37174
74113	0.33965
74123	0.31580
74133	0.44089
74143	0.32755
74153	0.30939
74163	0.32377
74173	0.33085
74183	0.36765
74193	0.36798
74203	0.44219
74213	0.42935
74223	0.41215
74233	0.37481
74243	0.43402
74253	0.34229
74263	0.34066
74273	0.36825
74283	0.36718
74293	0.40817
74303	0.37014
74313	0.37032
74323	0.35222
74333	0.38554
74343	0.30908
74353	0.31782
74363	0.34948
74373	0.31757
74383	0.32210
74393	0.40153
74403	0.31297
74413	0.32498
74423	0.36141
74433	0.33568
74443	0.34414
74453	0.31732
74463	0.31009
74473	0.31358
74483	0.31203
74493	0.31827
74502	0.33939
74512	0.36178
74522	0.30754
74532	0.33982
74542	0.33339
74552	0.30878
74562	0.31744
74572	0.31642
74582	0.33422
74592	0.42836
74602	0.38585
74612	0.34881
74622	0.37076
74632	0.33180
74642	0.33417
74652	0.31300
74662	0.39234
74672	0.32694
74682	0.34688
74692	0.34851
74702	0.31238
74712	0.32199
74722	0.33253
74732	0.32905
74742	0.38291
74752	0.37837
74762	0.30987
74772	0.30158
74782	0.30416
74792	0.30290
74802	0.31861
74812	0.32255
74822	0.32189
74832	0.40760
74842	0.31686
74852	0.31418
74862	0.40187
74872	0.32110
74882	0.36223
74892	0.34482
74902	0.31743
74912	0.34371
74921	0.36225
74931	0.32532
74941	0.31698
74951	0.31542
74961	0.34515
74971	0.40669
74981	0.31986
74991	0.31862
75001	0.29858
75011	0.33224
75021	0.35416
75031	0.42389
75041	0.32179
75051	0.30837
75061	0.30819
75071	0.33286
75081	0.31052
75091	0.30857
75101	0.29500
75111	0.29779
75121	0.30492
75131	0.30692
75141	0.30835
75151	0.30926
75161	0.32901
75171	0.33889
75181	0.32153
75191	0.31046
75201	0.30968
75211	0.31207
75221	0.30268
75231	0.32681
75241	0.31046
75251	0.36446
75261	0.36957
75271	0.30616
75281	0.33743
75291	0.31255
75301	0.42788
75311	0.32142
75321	0.31401
75331	0.31487
75340	0.34548
75350	0.31833
75360	0.28969
75370	0.37251
75380	0.32778
75390	0.30548
75400	0.31164
75410	0.30470
75420	0.32613
75430	0.30619
75440	0.33310
75450	0.29927
75460	0.29949
75470	0.33219
75480	0.31479
75490	0.34105
75500	0.30218
75510	0.37145
75520	0.31962
75530	0.30201
75540	0.30963
75550	0.30381
75560	0.31698
75570	0.32702
75580	0.30064
75590	0.30461
75600	0.29669
75610	0.33460
75620	0.29908
75630	0.29831
75640	0.29470
75650	0.36861
75660	0.35795
75670	0.34283
75680	0.35499
75690	0.31931
75700	0.30134
75710	0.38694
75720	0.29369
75730	0.30938
75740	0.30683
75750	0.43818
75759	0.30918
75769	0.30413
75779	0.33777
75789	0.31900
75799	0.30004
75809	0.29981
75819	0.30004
75829	0.30839
75839	0.32315
75849	0.30192
75859	0.30080
75869	0.30207
75879	0.35356
75889	0.29767
75899	0.30560
75909	0.30287
75919	0.30432
75929	0.30436
75939	0.30304
75949	0.33438
75959	0.36955
75969	0.31957
75979	0.33902
75989	0.30512
75999	0.33396
76009	0.32724
76019	0.41739
76029	0.38630
76039	0.31658
76049	0.30467
76059	0.32062
76069	0.30255
76079	0.30113
76089	0.40297
76099	0.43994
76109	0.43797
76119	0.31671
76129	0.29870
76139	0.35323
76149	0.29782
76159	0.30017
76169	0.30378
76178	0.34282
76188	0.29889
76198	0.34115
76208	0.38537
76218	0.30482
76228	0.29787
76238	0.30963
76248	0.39922
76258	0.37955
76268	0.33891
76278	0.30068
76288	0.30045
76298	0.30012
76308	0.29210
76318	0.33394
76328	0.29237
76338	0.38222
76348	0.29567
76358	0.29972
76368	0.29859
76378	0.30555
76388	0.29802
76398	0.30761
76408	0.29968
76418	0.30516
76428	0.31848
76438	0.30148
76448	0.31247
76458	0.30656
76468	0.29788
76478	0.30534
76488	0.30705
76498	0.29743
76508	0.29468
76518	0.30291
76528	0.29760
76538	0.33476
76548	0.30066
76558	0.30259
76568	0.30073
76578	0.30192
76588	0.29607
76597	0.34907
76607	0.34237
76617	0.30344
76627	0.35800
76637	0.32906
76647	0.30551
76657	0.33330
76667	0.37643
76677	0.30259
76687	0.30279
76697	0.30876
76707	0.30563
76717	0.38236
76727	0.36473
76737	0.30405
76747	0.34621
76757	0.32971
76767	0.32872
76777	0.32926
76787	0.33018
76797	0.36077
76807	0.33976
76817	0.30207
76827	0.30549
76837	0.36317
76847	0.32616
76857	0.29543
76867	0.41432
76877	0.31036
76887	0.35736
76897	0.36679
76907	0.29889
76917	0.30052
76927	0.31177
76937	0.30379
76947	0.30425
76957	0.30167
76967	0.36563
76977	0.30270
76987	0.31823
76997	0.31642
77007	0.32920
77016	0.30284
77026	0.30750
77036	0.31451
77046	0.30891
77056	0.29882
77066	0.30886
77076	0.31482
77086	0.30350
77096	0.29919
77106	0.32088
77116	0.38571
77126	0.31162
77136	0.30119
77146	0.29894
77156	0.29289
77166	0.30790
77176	0.29844
77186	0.29815
77196	0.32349
77206	0.32035
77216	0.30163
77226	0.30788
77236	0.32315
77246	0.31652
77256	0.31227
77266	0.31243
77276	0.36130
77286	0.34926
77296	0.29794
77306	0.30751
77316	0.32603
77326	0.33610
77336	0.34120
77346	0.33099
77356	0.38199
77366	0.32628
77376	0.32854
77386	0.32812
77396	0.33318
77406	0.35414
77416	0.32557
77426	0.32890
77435	0.32297
77445	0.36700
77455	0.33143
77465	0.33843
77475	0.38422
77485	0.31989
77495	0.31808
77505	0.38713
77515	0.34093
77525	0.32462
77535	0.33591
77545	0.32779
77555	0.35226
77565	0.32266
77575	0.38084
77585	0.37374
77595	0.32591
77605	0.32899
77615	0.35816
77625	0.35053
77635	0.38289
77645	0.32963
77655	0.33702
77665	0.38315
77675	0.42204
77685	0.32553
77695	0.43600
77705	0.39249
77715	0.32547
77725	0.32121
77735	0.33416
77745	0.41616
77755	0.44017
77765	0.32752
77775	0.35731
77785	0.37696
77795	0.33925
77805	0.34281
77815	0.41081
77825	0.32526
77835	0.35597
77845	0.34457
77854	0.32226
77864	0.32435
77874	0.35038
77884	0.32710
77894	0.37605
77904	0.36215
77914	0.33372
77924	0.38975
77934	0.35352
77944	0.36085
77954	0.32673
77964	0.32685
77974	0.32815
77984	0.35346
77994	0.34490
78004	0.32432
78014	0.33710
78024	0.32353
78034	0.40923
78044	0.40137
78054	0.39066
78064	0.32230
78074	0.33334
78084	0.32633
78094	0.33687
78104	0.32644
78114	0.33856
78124	0.31609
78134	0.33386
78144	0.35105
78154	0.33205
78164	0.34495
78174	0.34290
78184	0.39095
78194	0.32189
78204	0.32389
78214	0.38304
78224	0.33223
78234	0.33359
78244	0.39079
78254	0.40470
78264	0.41529
78273	0.32432
78283	0.35593
78293	0.34730
78303	0.40162
78313	0.33175
78323	0.33256
78333	0.34811
78343	0.33358
78353	0.35988
78363	0.39734
78373	0.43985
78383	0.41558
78393	0.35412
78403	0.32588
78413	0.32046
78423	0.32301
78433	0.32665
78443	0.32824
78453	0.33319
78463	0.33298
78473	0.37441
78483	0.37419
78493	0.46464
78503	0.36928
78513	0.36609
78523	0.43890
78533	0.33612
78543	0.38959
78553	0.36921
78563	0.37015
78573	0.32679
78583	0.33992
78593	0.32995
78603	0.33587
78613	0.39625
78623	0.32960
78633	0.34988
78643	0.33206
78653	0.33318
78663	0.34188
78673	0.38285
78683	0.33165
78692	0.32651
78702	0.33500
78712	0.37972
78722	0.32782
78732	0.32707
78742	0.32557
78752	0.32019
78762	0.33173
78772	0.34691
78782	0.35629
78792	0.32320
78802	0.32549
78812	0.35333
78822	0.40125
78832	0.33325
78842	0.34101
78852	0.31401
78862	0.32761
78872	0.32615
78882	0.35655
78892	0.33121
78902	0.37490
78912	0.32090
78922	0.42757
78932	0.31957
78942	0.33056
78952	0.32250
78962	0.33505
78972	0.32929
78982	0.34443
78992	0.33932
79002	0.41301
79012	0.34790
79022	0.33646
79032	0.34085
79042	0.32195
79052	0.32441
79062	0.32993
79072	0.35003
79082	0.38813
79092	0.32937
79102	0.35087
79111	0.36944
79121	0.46800
79131	0.37404
79141	0.37835
79151	0.32580
79161	0.33174
79171	0.32293
79181	0.35797
79191	0.33720
79201	0.33206
79211	0.33431
79221	0.33050
79231	0.33567
79241	0.37663
79251	0.33300
79261	0.33193
79271	0.34069
79281	0.33774
79291	0.43534
79301	0.32659
79311	0.38019
79321	0.39157
79331	0.42944
79341	0.32657
79351	0.33420
79361	0.33162
79371	0.32883
79381	0.34087
79391	0.34368
79401	0.37992
79411	0.33862
79421	0.41250
79431	0.35176
79441	0.33645
79451	0.41188
79461	0.33192
79471	0.34633
79481	0.44228
79491	0.35876
79501	0.32169
79511	0.32956
79521	0.39523
79530	0.34610
79540	0.32290
79550	0.40710
79560	0.33380
79570	0.32627
79580	0.32972
79590	0.35379
79600	0.34429
79610	0.32816
79620	0.43290
79630	0.42179
79640	0.36492
79650	0.43572
79660	0.33359
79670	0.40966
79680	0.34745
79690	0.33787
79700	0.33292
79710	0.35479
79720	0.32804
79730	0.40162
79740	0.36561
79750	0.33429
79760	0.33060
79770	0.36505
79780	0.38772
79790	0.35466
79800	0.32013
79810	0.35946
79820	0.33830
79830	0.34141
79840	0.33873
79850	0.33164
79860	0.41261
79870	0.42080
79880	0.32482
79890	0.34024
79900	0.34996
79910	0.32744
79920	0.32859
79930	0.33541
79940	0.33129
79949	0.38310
79959	0.32945
79969	0.33744
79979	0.33677
79989	0.40601
79999	0.42792
80009	0.36864
80019	0.36766
80029	0.44167
80039	0.45014
80049	0.32674
80059	0.33277
80069	0.33826
80079	0.33958
80089	0.35095
80099	0.35652
80109	0.33082
80119	0.39115
80129	0.32578
80139	0.32572
80149	0.38689
80159	0.37198
80169	0.37158
80179	0.32217
80189	0.32913
80199	0.35455
80209	0.38159
80219	0.33181
80229	0.33644
80239	0.40038
80249	0.32934
80259	0.34346
80269	0.37173
80279	0.36243
80289	0.33206
80299	0.33232
80309	0.38872
80319	0.38266
80329	0.34741
80339	0.39084
80349	0.34211
80359	0.36656
80368	0.34614
80378	0.36932
80388	0.37713
80398	0.33821
80408	0.33300
80418	0.38150
80428	0.40109
80438	0.38024
80448	0.33594
80458	0.33867
80468	0.34109
80478	0.40676
80488	0.33954
80498	0.34512
80508	0.34990
80518	0.41430
80528	0.40398
80538	0.39137
80548	0.41297
80558	0.40643
80568	0.36332
80578	0.35667
80588	0.33604
80598	0.34790
80608	0.33570
80618	0.35021
80628	0.40702
80638	0.38357
80648	0.33634
80658	0.35671
80668	0.34826
80678	0.39871
80688	0.40630
80698	0.35388
80708	0.43996
80718	0.42213
80728	0.33035
80738	0.35718
80748	0.34016
80758	0.40411
80768	0.41376
80778	0.34009
80787	0.35760
80797	0.32804
80807	0.36399
80817	0.35686
80827	0.33293
80837	0.32131
80847	0.32881
80857	0.33799
80867	0.33193
80877	0.33438
80887	0.33629
80897	0.33141
80907	0.33601
80917	0.36278
80927	0.35939
80937	0.36029
80947	0.36405
80957	0.38784
80967	0.39276
80977	0.47568
80987	0.40966
80997	0.34623
81007	0.34895
81017	0.34090
81027	0.34908
81037	0.33527
81047	0.32889
81057	0.34566
81067	0.37021
81077	0.32867
81087	0.32685
81097	0.33410
81107	0.32391
81117	0.32917
81127	0.33911
81137	0.36786
81147	0.35124
81157	0.38606
81167	0.35872
81177	0.35255
81187	0.33171
81197	0.33463
81206	0.36350
81216	0.37111
81226	0.45284
81236	0.46549
81246	0.36816
81256	0.32147
81266	0.41681
81276	0.38153
81286	0.34117
81296	0.34493
81306	0.33179
81316	0.33789
81326	0.34182
81336	0.33380
81346	0.37665
81356	0.39566
81366	0.34540
81376	0.33287
81386	0.36356
81396	0.32939
81406	0.35904
81416	0.37065
81426	0.35700
81436	0.37036
81446	0.45233
81456	0.44265
81466	0.39618
81476	0.46894
81486	0.39889
81496	0.37448
81506	0.39479
81516	0.37753
81526	0.36196
81536	0.37210
81546	0.48629
81556	0.48649
81566	0.36499
81576	0.35685
81586	0.41798
81596	0.36396
81606	0.41778
81616	0.36670
81625	0.43978
81635	0.36721
81645	0.38430
81655	0.42465
81665	0.36341
81675	0.39682
81685	0.43486
81695	0.49550
81705	0.51871
81715	0.36117
81725	0.39755
81735	0.44366
81745	0.45590
81755	0.38716
81765	0.52053
81775	0.47148
81785	0.35806
81795	0.38084
81805	0.39193
81815	0.43889
81825	0.35441
81835	0.37820
81845	0.36815
81855	0.39417
81865	0.48074
81875	0.36338
81885	0.36110
81895	0.38990
81905	0.35891
81915	0.41593
81925	0.39898
81935	0.38927
81945	0.41392
81955	0.47642
81965	0.39934
81975	0.42906
81985	0.42022
81995	0.50645
82005	0.40948
82015	0.44660
82025	0.39463
82035	0.37858
82044	0.38548
82054	0.41633
82064	0.37533
82074	0.42140
82084	0.36908
82094	0.38336
82104	0.38274
82114	0.38394
82124	0.39672
82134	0.39228
82144	0.48175
82154	0.43428
82164	0.43365
82174	0.42905
82184	0.38572
82194	0.38140
82204	0.36337
82214	0.37796
82224	0.41863
82234	0.41092
82244	0.51187
82254	0.35997
82264	0.37477
82274	0.37028
82284	0.34697
82294	0.35209
82304	0.35732
82314	0.36570
82324	0.36359
82334	0.36803
82344	0.36012
82354	0.36562
82364	0.35893
82374	0.36699
82384	0.35861
82394	0.36736
82404	0.35880
82414	0.36692
82424	0.38604
82434	0.36409
82444	0.36077
82454	0.39525
82463	0.37733
82473	0.38013
82483	0.36533
82493	0.42687
82503	0.36082
82513	0.36499
82523	0.36969
82533	0.37206
82543	0.35272
82553	0.39592
82563	0.41054
82573	0.49142
82583	0.36420
82593	0.46291
82603	0.48972
82613	0.35595
82623	0.35900
82633	0.36402
82643	0.36376
82653	0.45103
82663	0.40997
82673	0.40056
82683	0.38479
82693	0.35785
82703	0.35083
82713	0.43228
82723	0.40055
82733	0.49408
82743	0.42368
82753	0.38119
82763	0.40020
82773	0.41065
82783	0.36485
82793	0.37060
82803	0.43390
82813	0.38704
82823	0.37937
82833	0.43765
82843	0.42187
82853	0.36319
82863	0.38198
82872	0.41384
82882	0.42552
82892	0.45929
82902	0.40617
82912	0.39509
82922	0.37770
82932	0.40167
82942	0.38089
82952	0.40243
82962	0.36781
82972	0.38737
82982	0.37811
82992	0.36669
83002	0.40334
83012	0.37420
83022	0.38283
83032	0.36515
83042	0.39753
83052	0.38287
83062	0.39977
83072	0.43121
83082	0.48344
83092	0.44472
83102	0.36466
83112	0.35928
83122	0.38717
83132	0.35885
83142	0.38412
83152	0.37354
83162	0.37793
83172	0.36794
83182	0.43337
83192	0.49958
83202	0.36646
83212	0.38327
83222	0.41155
83232	0.36969
83242	0.36556
83252	0.53335
83262	0.47357
83272	0.35884
83282	0.40172
83291	0.38020
83301	0.37490
83311	0.44529
83321	0.37270
83331	0.36624
83341	0.39021
83351	0.43836
83361	0.40456
83371	0.42128
83381	0.38158
83391	0.37689
83401	0.64311
83411	0.74915
83421	0.53120
83431	0.57369
83441	0.53018
83451	0.56463
83461	0.43608
83471	0.50997
83481	0.53715
83491	0.49781
83501	0.39454
83511	0.43738
83521	0.47816
83531	0.45772
83541	0.39970
83551	0.42608
83561	0.41666
83571	0.38068
83581	0.37773
83591	0.39165
83601	0.42699
83611	0.40173
83621	0.38208
83631	0.43887
83641	0.36087
83651	0.41347
83661	0.37258
83671	0.37198
83681	0.43583
83691	0.37443
83701	0.40685
83710	0.38776
83720	0.38045
83730	0.39022
83740	0.38175
83750	0.38689
83760	0.40966
83770	0.44059
83780	0.36708
83790	0.43598
83800	0.46864
83810	0.37500
83820	0.39825
83830	0.46185
83840	0.39630
83850	0.36904
83860	0.37981
83870	0.41208
83880	0.36923
83890	0.37800
83900	0.39304
83910	0.44466
83920	0.36181
83930	0.50417
83940	0.40643
83950	0.37954
83960	0.36393
83970	0.42026
83980	0.40124
83990	0.43470
84000	0.37092
84010	0.36347
84020	0.40430
84030	0.36635
84040	0.45312
84050	0.39470
84060	0.44152
84070	0.42377
84080	0.37139
84090	0.36782
84100	0.37906
84110	0.39392
84120	0.38318
84129	0.40405
84139	0.37169
84149	0.38667
84159	0.42525
84169	0.41728
84179	0.40163
84189	0.45386
84199	0.38104
84209	0.38411
84219	0.52498
84229	0.43988
84239	0.42398
84249	0.39549
84259	0.42541
84269	0.36449
84279	0.35311
84289	0.36836
84299	0.36753
84309	0.37107
84319	0.42295
84329	0.36591
84339	0.38586
84349	0.38561
84359	0.37530
84369	0.37827
84379	0.40357
84389	0.38018
84399	0.45723
84409	0.41699
84419	0.41387
84429	0.39531
84439	0.36495
84449	0.35812
84459	0.41782
84469	0.38308
84479	0.51531
84489	0.35077
84499	0.36556
84509	0.38573
84519	0.37788
84529	0.37482
84539	0.36626
84548	0.37517
84558	0.39230
84568	0.42945
84578	0.38792
84588	0.35786
84598	0.36195
84608	0.37354
84618	0.42004
84628	0.39268
84638	0.37872
84648	0.37047
84658	0.36880
84668	0.37956
84678	0.41837
84688	0.53583
84698	0.51799
84708	0.37235
84718	0.41307
84728	0.44312
84738	0.46191
84748	0.37484
84758	0.36938
84768	0.36377
84778	0.37395
84788	0.36760
84798	0.36662
84808	0.42983
84818	0.37673
84828	0.36863
84838	0.38624
84848	0.52297
84858	0.40851
84868	0.38724
84878	0.41804
84888	0.39254
84898	0.36574
84908	0.41024
84918	0.38821
84928	0.36883
84938	0.38850
84948	0.40983
84958	0.42541
84967	0.37763
84977	0.36290
84987	0.35574
84997	0.35721
85007	0.36521
85017	0.36894
85027	0.41420
85037	0.37481
85047	0.36029
85057	0.36930
85067	0.36467
85077	0.38345
85087	0.49705
85097	0.37296
85107	0.36165
85117	0.36606
85127	0.34531
85137	0.36042
85147	0.41796
85157	0.36458
85167	0.36764
85177	0.46560
85187	0.36558
85197	0.37490
85207	0.36275
85217	0.37397
85227	0.40173
85237	0.44275
85247	0.37361
85257	0.36731
85267	0.36686
85277	0.35959
85287	0.37607
85297	0.37949
85307	0.37861
85317	0.48146
85327	0.35419
85337	0.35480
85347	0.35870
85357	0.36414
85367	0.35129
85377	0.35787
85386	0.36901
85396	0.36391
85406	0.36857
85416	0.46458
85426	0.36346
85436	0.35569
85446	0.36502
85456	0.39028
85466	0.37306
85476	0.36798
85486	0.36167
85496	0.36970
85506	0.39639
85516	0.38673
85526	0.39955
85536	0.39976
85546	0.49536
85556	0.48211
85566	0.43787
85576	0.46512
85586	0.39906
85596	0.38034
85606	0.38427
85616	0.39890
85626	0.40829
85636	0.39844
85646	0.38773
85656	0.43222
85666	0.39970
85676	0.42826
85686	0.43844
85696	0.47189
85706	0.39356
85716	0.40803
85726	0.41676
85736	0.50826
85746	0.46028
85756	0.42019
85766	0.45002
85776	0.52531
85786	0.47803
85796	0.49600
85805	0.40956
85815	0.41958
85825	0.41715
85835	0.45412
85845	0.40748
85855	0.38853
85865	0.39288
85875	0.38817
85885	0.41110
85895	0.41726
85905	0.40004
85915	0.46522
85925	0.42434
85935	0.42808
85945	0.51245
85955	0.46387
85965	0.45796
85975	0.46312
85985	0.45742
85995	0.45061
86005	0.44688
86015	0.48360
86025	0.51327
86035	0.45846
86045	0.55474
86055	0.42273
86065	0.43722
86075	0.43615
86085	0.45224
86095	0.40497
86105	0.41151
86115	0.47933
86125	0.44133
86135	0.41541
86145	0.39643
86155	0.50585
86165	0.50898
86175	0.43679
86185	0.42191
86195	0.53372
86205	0.43144
86215	0.42843
86224	0.50158
86234	0.49954
86244	0.43151
86254	0.41445
86264	0.41046
86274	0.46137
86284	0.41735
86294	0.45000
86304	0.49584
86314	0.57366
86324	0.41568
86334	0.41655
86344	0.49716
86354	0.58418
86364	0.40886
86374	0.40515
86384	0.42056
86394	0.39424
86404	0.37945
86414	0.49155
86424	0.41530
86434	0.43604
86444	0.43189
86454	0.49160
86464	0.47020
86474	0.39427
86484	0.47090
86494	0.48451
86504	0.40065
86514	0.48988
86524	0.45518
86534	0.51050
86544	0.38377
86554	0.43069
86564	0.45795
86574	0.48484
86584	0.38797
86594	0.39921
86604	0.49025
86614	0.51303
86624	0.39949
86634	0.40171
86643	0.39384
86653	0.39687
86663	0.48394
86673	0.40621
86683	0.41588
86693	0.44772
86703	0.41132
86713	0.42206
86723	0.53649
86733	0.42887
86743	0.52526
86753	0.56799
86763	0.38679
86773	0.41204
86783	0.41381
86793	0.38096
86803	0.41432
86813	0.44095
86823	0.42187
86833	0.43501
86843	0.49158
86853	0.43036
86863	0.44633
86873	0.50134
86883	0.49445
86893	0.43522
86903	0.42034
86913	0.51709
86923	0.52571
86933	0.41659
86943	0.41228
86953	0.42875
86963	0.52999
86973	0.48912
86983	0.49505
86993	0.51944
87003	0.43268
87013	0.42128
87023	0.42697
87033	0.43107
87043	0.44063
87053	0.42858
87062	0.42504
87072	0.44424
87082	0.39061
87092	0.41365
87102	0.44096
87112	0.41067
87122	0.42168
87132	0.47439
87142	0.40945
87152	0.41040
87162	0.40144
87172	0.39026
87182	0.40452
87192	0.40124
87202	0.45375
87212	0.40285
87222	0.43290
87232	0.45605
87242	0.42933
87252	0.40026
87262	0.43714
87272	0.40238
87282	0.39692
87292	0.38964
87302	0.39483
87312	0.41072
87322	0.51023
87332	0.44053
87342	0.51992
87352	0.42672
87362	0.43193
87372	0.51928
87382	0.48828
87392	0.45169
87402	0.48430
87412	0.42590
87422	0.54798
87432	0.43657
87442	0.44863
87452	0.42892
87462	0.49791
87472	0.44757
87481	0.51800
87491	0.45311
87501	0.45447
87511	0.44975
87521	0.44476
87531	0.45789
87541	0.47516
87551	0.44196
87561	0.47125
87571	0.43806
87581	0.47211
87591	0.46764
87601	0.52803
87611	0.42305
87621	0.44702
87631	0.48913
87641	0.42676
87651	0.55553
87661	0.51059
87671	0.43391
87681	0.54314
87691	0.46917
87701	0.44066
87711	0.42666
87721	0.42882
87731	0.51806
87741	0.43920
87751	0.43728
87761	0.48309
87771	0.40692
87781	0.40626
87791	0.40760
87801	0.40066
87811	0.44419
87821	0.42327
87831	0.40152
87841	0.55026
87851	0.39506
87861	0.42191
87871	0.41844
87881	0.42281
87891	0.41111
87900	0.39328
87910	0.47640
87920	0.41338
87930	0.38679
87940	0.39490
87950	0.38713
87960	0.38886
87970	0.40341
87980	0.38946
87990	0.52271
88000	0.53421
88010	0.51816
88020	0.42794
88030	0.43527
88040	0.57195
88050	0.44826
88060	0.41782
88070	0.42283
88080	0.57474
88090	0.49157
88100	0.50856
88110	0.46223
88120	0.41205
88130	0.41445
88140	0.43866
88150	0.42758
88160	0.41162
88170	0.45861
88180	0.41583
88190	0.42446
88200	0.42121
88210	0.49291
88220	0.45564
88230	0.40490
88240	0.41740
88250	0.53370
88260	0.39234
88270	0.41756
88280	0.49055
88290	0.38769
88300	0.39030
88310	0.42652
88319	0.39177
88329	0.39296
88339	0.40332
88349	0.40406
88359	0.41783
88369	0.42890
88379	0.40036
88389	0.44985
88399	0.44191
88409	0.53540
88419	0.47701
88429	0.51752
88439	0.47277
88449	0.42627
88459	0.42845
88469	0.41227
88479	0.43134
88489	0.40859
88499	0.41599
88509	0.40938
88519	0.42626
88529	0.48053
88539	0.43626
88549	0.47820
88559	0.46018
88569	0.55218
88579	0.43145
88589	0.52434
88599	0.45253
88609	0.40009
88619	0.57682
88629	0.43377
88639	0.39703
88649	0.45110
88659	0.44604
88669	0.42509
88679	0.43486
88689	0.46071
88699	0.47477
88709	0.39840
88719	0.39329
88729	0.39845
88738	0.39969
88748	0.39356
88758	0.40915
88768	0.42624
88778	0.39002
88788	0.52338
88798	0.39316
88808	0.42045
88818	0.40716
88828	0.47390
88838	0.44848
88848	0.45672
88858	0.42857
88868	0.44279
88878	0.41740
88888	0.43831
88898	0.55034
88908	0.43257
88918	0.44342
88928	0.53014
88938	0.38072
88948	0.50572
88958	0.45749
88968	0.43321
88978	0.42850
88988	0.39532
88998	0.39512
89008	0.44193
89018	0.39746
89028	0.46757
89038	0.56803
89048	0.41700
89058	0.39518
89068	0.38570
89078	0.45542
89088	0.39520
89098	0.43804
89108	0.41287
89118	0.39680
89128	0.46312
89138	0.48483
89148	0.38096
89157	0.39603
89167	0.40241
89177	0.40552
89187	0.39455
89197	0.39766
89207	0.39766
89217	0.39388
89227	0.43890
89237	0.43095
89247	0.39003
89257	0.46235
89267	0.38973
89277	0.39857
89287	0.44976
89297	0.41919
89307	0.40325
89317	0.38820
89327	0.39861
89337	0.39477
89347	0.52535
89357	0.42213
89367	0.37977
89377	0.38943
89387	0.43208
89397	0.38132
89407	0.38197
89417	0.51613
89427	0.42465
89437	0.39436
89447	0.39667
89457	0.39897
89467	0.39696
89477	0.39281
89487	0.40440
89497	0.50220
89507	0.41210
89517	0.38780
89527	0.38113
89537	0.39285
89547	0.37483
89557	0.49610
89567	0.58510
89576	0.39664
89586	0.39519
89596	0.38502
89606	0.42502
89616	0.43500
89626	0.44167
89636	0.56588
89646	0.49572
89656	0.53046
89666	0.52246
89676	0.42873
89686	0.44721
89696	0.42974
89706	0.55747
89716	0.41306
89726	0.43302
89736	0.42828
89746	0.42510
89756	0.46014
89766	0.45259
89776	0.42132
89786	0.43577
89796	0.43203
89806	0.42984
89816	0.53390
89826	0.42520
89836	0.41935
89846	0.42942
89856	0.42059
89866	0.46990
89876	0.47798
89886	0.43021
89896	0.42109
89906	0.42960
89916	0.42355
89926	0.46027
89936	0.43264
89946	0.45914
89956	0.60079
89966	0.45806
89976	0.42619
89986	0.51721
89995	0.42284
90005	0.42593
90015	0.42986
90025	0.54602
90035	0.50734
90045	0.44099
90055	0.42935
90065	0.44947
90075	0.42084
90085	0.48639
90095	0.42567
90105	0.42359
90115	0.40747
90125	0.43717
90135	0.43405
90145	0.43781
90155	0.57032
90165	0.49579
90175	0.48093
90185	0.42324
90195	0.50626
90205	0.42251
90215	0.47077
90225	0.56364
90235	0.45195
90245	0.45889
90255	0.57314
90265	0.45910
90275	0.43093
90285	0.49710
90295	0.53769
90305	0.43684
90315	0.43188
90325	0.43763
90335	0.43760
90345	0.42882
90355	0.42830
90365	0.41398
90375	0.42852
90385	0.45800
90395	0.59137
90405	0.44398
90414	0.43263
90424	0.43660
90434	0.42727
90444	0.41483
90454	0.43984
90464	0.56618
90474	0.41366
90484	0.43049
90494	0.42755
90504	0.51873
90514	0.53944
90524	0.41297
90534	0.43583
90544	0.52332
90554	0.42682
90564	0.40698
90574	0.49740
90584	0.42721
90594	0.43149
90604	0.43452
90614	0.46928
90624	0.43773
90634	0.44036
90644	0.49560
90654	0.46276
90664	0.47646
90674	0.61211
90684	0.41554
90694	0.44365
90704	0.43721
90714	0.48902
90724	0.54613
90734	0.46608
90744	0.44913
90754	0.43853
90764	0.48135
90774	0.53235
90784	0.52401
90794	0.48369
90804	0.47248
90814	0.43551
90824	0.43461
90833	0.42420
90843	0.43304
90853	0.40980
90863	0.42412
90873	0.47647
90883	0.47166
90893	0.51446
90903	0.44745
90913	0.47035
90923	0.43369
90933	0.44593
90943	0.43219
90953	0.45745
90963	0.47324
90973	0.43719
90983	0.44459
90993	0.42530
91003	0.52785
91013	0.60036
91023	0.42350
91033	0.41724
91043	0.42930
91053	0.41114
91063	0.43269
91073	0.61559
91083	0.42773
91093	0.42226
91103	0.46111
91113	0.44210
91123	0.45116
91133	0.45521
91143	0.43379
91153	0.43150
91163	0.42659
91173	0.41914
91183	0.42760
91193	0.43466
91203	0.43666
91213	0.44546
91223	0.48253
91233	0.57944
91243	0.48325
91252	0.49520
91262	0.47834
91272	0.41934
91282	0.48931
91292	0.43275
91302	0.45172
91312	0.41821
91322	0.42822
91332	0.40948
91342	0.42288
91352	0.46928
91362	0.44381
91372	0.41999
91382	0.42613
91392	0.48543
91402	0.55309
91412	0.41664
91422	0.41556
91432	0.50926
91442	0.42283
91452	0.43273
91462	0.44943
91472	0.42470
91482	0.42597
91492	0.44316
91502	0.46734
91512	0.44851
91522	0.41137
91532	0.42650
91542	0.45879
91552	0.49871
91562	0.47753
91572	0.40060
91582	0.42383
91592	0.40900
91602	0.42411
91612	0.44840
91622	0.42973
91632	0.47988
91642	0.43629
91652	0.43101
91662	0.44837
91671	0.48044
91681	0.50196
91691	0.42443
91701	0.42524
91711	0.44407
91721	0.51214
91731	0.56962
91741	0.43471
91751	0.43237
91761	0.40596
91771	0.48514
91781	0.62443
91791	0.42576
91801	0.41348
91811	0.42304
91821	0.43434
91831	0.47258
91841	0.43549
91851	0.45308
91861	0.43715
91871	0.43454
91881	0.42868
91891	0.52038
91901	0.46099
91911	0.49934
91921	0.42688
91931	0.50264
91941	0.42142
91951	0.42899
91961	0.42788
91971	0.49186
91981	0.41983
91991	0.52031
92001	0.43358
92011	0.41352
92021	0.41944
92031	0.50922
92041	0.43586
92051	0.41709
92061	0.58602
92071	0.47045
92080	0.42192
92090	0.42569
92100	0.55227
92110	0.45061
92120	0.41820
92130	0.42617
92140	0.41382
92150	0.48923
92160	0.47101
92170	0.45342
92180	0.42686
92190	0.42814
92200	0.41885
92210	0.42906
92220	0.42758
92230	0.43481
92240	0.43016
92250	0.42906
92260	0.40523
92270	0.43023
92280	0.46555
92290	0.52004
92300	0.46436
92310	0.51313
92320	0.41479
92330	0.42403
92340	0.42135
92350	0.42434
92360	0.45239
92370	0.43248
92380	0.42130
92390	0.43098
92400	0.42046
92410	0.54505
92420	0.47131
92430	0.43184
92440	0.41274
92450	0.40618
92460	0.48075
92470	0.56815
92480	0.41241
92490	0.43605
92499	0.43890
92509	0.42414
92519	0.41930
92529	0.53985
92539	0.53750
92549	0.50388
92559	0.41375
92569	0.43213
92579	0.42972
92589	0.43949
92599	0.45796
92609	0.56952
92619	0.44798
92629	0.47486
92639	0.41246
92649	0.43692
92659	0.46246
92669	0.43102
92679	0.44798
92689	0.48015
92699	0.53015
92709	0.45956
92719	0.50115
92729	0.48562
92739	0.46024
92749	0.47960
92759	0.57737
92769	0.60266
92779	0.49120
92789	0.56759
92799	0.45138
92809	0.42886
92819	0.47196
92829	0.47234
92839	0.44244
92849	0.56262
92859	0.51756
92869	0.44863
92879	0.47132
92889	0.51146
92899	0.52559
92909	0.41897
92918	0.43412
92928	0.42410
92938	0.50114
92948	0.41672
92958	0.47602
92968	0.58983
92978	0.42863
92988	0.49604
92998	0.49909
93008	0.41821
93018	0.42591
93028	0.51151
93038	0.43727
93048	0.47084
93058	0.48922
93068	0.42243
93078	0.42781
93088	0.44790
93098	0.44786
93108	0.51885
93118	0.52310
93128	0.41640
93138	0.42838
93148	0.59898
93158	0.43312
93168	0.45202
93178	0.43073
93188	0.43525
93198	0.52989
93208	0.46332
93218	0.42432
93228	0.42815
93238	0.45027
93248	0.45980
93258	0.42552
93268	0.43215
93278	0.43609
93288	0.44704
93298	0.42140
93308	0.42353
93318	0.42658
93328	0.47621
93337	0.49864
93347	0.45697
93357	0.46485
93367	0.45817
93377	0.49536
93387	0.51876
93397	0.48153
93407	0.46640
93417	0.54233
93427	0.45771
93437	0.44315
93447	0.50222
93457	0.45408
93467	0.47857
93477	0.51557
93487	0.48288
93497	0.44847
93507	0.54652
93517	0.55909
93527	0.53379
93537	0.55608
93547	0.44793
93557	0.56354
93567	0.47833
93577	0.44859
93587	0.48954
93597	0.47693
93607	0.49745
93617	0.45449
93627	0.47960
93637	0.44611
93647	0.48170
93657	0.53745
93667	0.59333
93677	0.57299
93687	0.51025
93697	0.51717
93707	0.50178
93717	0.52548
93727	0.57942
93737	0.48393
93747	0.45672
93756	0.46765
93766	0.50389
93776	0.46397
93786	0.59729
93796	0.55109
93806	0.56138
93816	0.48318
93826	0.48707
93836	0.54612
93846	0.45870
93856	0.46882
93866	0.46373
93876	0.47704
93886	0.47864
93896	0.48965
93906	0.53825
93916	0.50021
93926	0.54858
93936	0.53716
93946	0.50071
93956	0.48646
93966	0.46359
93976	0.48298
93986	0.46905
93996	0.53454
94006	0.54845
94016	0.61566
94026	0.60098
94036	0.49426
94046	0.49281
94056	0.46089
94066	0.62179
94076	0.52910
94086	0.51432
94096	0.65004
94106	0.49505
94116	0.45795
94126	0.52607
94136	0.57980
94146	0.47724
94156	0.52558
94166	0.52894
94175	0.52196
94185	0.47350
94195	0.46793
94205	0.47481
94215	0.51913
94225	0.58508
94235	0.52047
94245	0.51414
94255	0.47941
94265	0.47941
94275	0.57925
94285	0.50641
94295	0.51383
94305	0.48506
94315	0.54269
94325	0.49295
94335	0.48053
94345	0.47010
94355	0.48270
94365	0.52781
94375	0.47491
94385	0.46412
94395	0.53989
94405	0.52214
94415	0.54195
94425	0.55535
94435	0.52252
94445	0.53672
94455	0.63677
94465	0.58062
94475	0.50993
94485	0.59539
94495	0.53123
94505	0.61191
94515	0.56713
94525	0.53466
94535	0.52257
94545	0.58763
94555	0.54472
94565	0.55047
94575	0.52533
94585	0.56509
94594	0.55487
94604	0.52180
94614	0.55846
94624	0.52585
94634	0.49963
94644	0.52119
94654	0.54326
94664	0.45017
94674	0.44414
94684	0.47539
94694	0.53434
94704	0.59069
94714	0.47399
94724	0.46152
94734	0.51874
94744	0.48857
94754	0.57158
94764	0.46567
94774	0.48002
94784	0.49479
94794	0.56417
94804	0.47147
94814	0.46417
94824	0.58940
94834	0.58777
94844	0.55208
94854	0.52681
94864	0.52212
94874	0.53367
94884	0.51803
94894	0.48380
94904	0.50682
94914	0.55468
94924	0.56646
94934	0.57871
94944	0.50486
94954	0.48442
94964	0.64078
94974	0.49800
94984	0.45213
94994	0.58155
95004	0.50092
95013	0.52930
95023	0.54261
95033	0.50773
95043	0.52709
95053	0.57509
95063	0.49843
95073	0.48140
95083	0.59852
95093	0.55422
95103	0.50278
95113	0.50805
95123	0.51579
95133	0.50569
95143	0.50300
95153	0.53806
95163	0.56511
95173	0.61297
95183	0.53963
95193	0.45750
95203	0.51408
95213	0.51977
95223	0.48574
95233	0.53146
95243	0.48542
95253	0.55104
95263	0.60496
95273	0.59212
95283	0.53242
95293	0.58583
95303	0.53471
95313	0.50096
95323	0.54403
95333	0.52124
95343	0.56544
95353	0.50526
95363	0.53207
95373	0.52393
95383	0.50392
95393	0.53275
95403	0.52337
95413	0.52692
95423	0.53502
95432	0.49974
95442	0.66857
95452	0.47667
95462	0.49346
95472	0.46423
95482	0.48908
95492	0.47316
95502	0.51106
95512	0.56538
95522	0.55103
95532	0.51280
95542	0.47657
95552	0.46561
95562	0.50083
95572	0.48461
95582	0.51366
95592	0.52029
95602	0.60417
95612	0.52749
95622	0.48354
95632	0.46065
95642	0.57580
95652	0.52850
95662	0.50168
95672	0.44730
95682	0.45074
95692	0.53444
95702	0.54419
95712	0.52938
95722	0.54635
95732	0.47733
95742	0.56087
95752	0.54790
95762	0.48145
95772	0.53185
95782	0.49941
95792	0.49372
95802	0.47389
95812	0.53307
95822	0.50828
95832	0.50105
95842	0.50740
95851	0.46707
95861	0.47906
95871	0.47625
95881	0.45881
95891	0.56933
95901	0.49612
95911	0.49874
95921	0.44912
95931	0.52772
95941	0.46344
95951	0.54532
95961	0.48540
95971	0.53327
95981	0.55686
95991	0.55765
96001	0.48620
96011	0.48500
96021	0.63049
96031	0.59105
96041	0.53227
96051	0.50454
96061	0.60675
96071	0.60418
96081	0.55022
96091	0.49347
96101	0.53370
96111	0.49241
96121	0.51056
96131	0.57507
96141	0.59077
96151	0.49581
96161	0.52648
96171	0.46284
96181	0.45689
96191	0.49582
96201	0.49431
96211	0.66078
96221	0.57052
96231	0.47903
96241	0.49662
96251	0.46062
96261	0.46576
96270	0.45895
96280	0.45144
96290	0.44599
96300	0.55729
96310	0.46076
96320	0.51660
96330	0.50874
96340	0.47555
96350	0.53826
96360	0.50063
96370	0.49513
96380	0.53861
96390	0.58280
96400	0.51422
96410	0.50056
96420	0.49460
96430	0.49787
96440	0.63858
96450	0.51866
96460	0.52491
96470	0.45128
96480	0.45432
96490	0.46254
96500	0.53864
96510	0.45415
96520	0.54832
96530	0.54029
96540	0.44748
96550	0.53294
96560	0.49619
96570	0.58994
96580	0.47918
96590	0.46043
96600	0.44460
96610	0.44109
96620	0.43533
96630	0.44428
96640	0.43748
96650	0.44741
96660	0.45218
96670	0.44661
96680	0.44478
96689	0.44364
96699	0.44012
96709	0.44753
96719	0.43848
96729	0.44265
96739	0.44740
96749	0.44396
96759	0.55210
96769	0.45054
96779	0.50656
96789	0.44305
96799	0.52827
96809	0.61541
96819	0.44658
96829	0.48823
96839	0.44965
96849	0.56053
96859	0.44203
96869	0.44401
96879	0.44014
96889	0.45632
96899	0.44769
96909	0.44886
96919	0.46966
96929	0.58693
96939	0.44406
96949	0.48281
96959	0.48129
96969	0.45417
96979	0.46449
96989	0.45210
96999	0.44398
97009	0.44206
97019	0.44169
97029	0.44402
97039	0.45030
97049	0.46873
97059	0.45809
97069	0.44583
97079	0.46441
97089	0.45502
97099	0.44876
97108	0.44697
97118	0.49178
97128	0.48740
97138	0.50104
97148	0.46469
97158	0.45676
97168	0.48543
97178	0.45541
97188	0.44199
97198	0.45286
97208	0.44419
97218	0.61579
97228	0.44854
97238	0.44747
97248	0.43866
97258	0.45579
97268	0.44612
97278	0.57051
97288	0.48584
97298	0.44757
97308	0.50932
97318	0.52118
97328	0.51832
97338	0.44649
97348	0.44256
97358	0.44351
97368	0.48901
97378	0.45089
97388	0.46311
97398	0.44275
97408	0.49208
97418	0.44339
97428	0.44289
97438	0.44499
97448	0.44150
97458	0.45196
97468	0.44374
97478	0.44889
97488	0.49149
97498	0.45866
97508	0.44645
97518	0.46408
97527	0.45715
97537	0.46113
97547	0.46560
97557	0.49190
97567	0.44614
97577	0.49812
97587	0.47258
97597	0.45678
97607	0.47640
97617	0.46741
97627	0.45163
97637	0.51879
97647	0.46423
97657	0.44405
97667	0.46335
97677	0.50026
97687	0.49259
97697	0.48430
97707	0.45527
97717	0.44692
97727	0.47236
97737	0.47027
97747	0.51305
97757	0.45448
97767	0.44520
97777	0.44332
97787	0.45110
97797	0.49244
97807	0.48943
97817	0.56169
97827	0.49152
97837	0.49628
97847	0.48755
97857	0.48824
97867	0.48029
97877	0.53025
97887	0.58412
97897	0.48817
97907	0.48175
97917	0.48067
97927	0.48272
97937	0.48567
97946	0.48132
97956	0.47309
97966	0.47814
97976	0.48708
97986	0.49035
97996	0.49645
98006	0.48649
98016	0.49339
98026	0.53722
98036	0.49126
98046	0.48657
98056	0.47351
98066	0.48057
98076	0.47524
98086	0.50473
98096	0.47719
98106	0.48261
98116	0.48495
98126	0.48702
98136	0.47627
98146	0.48885
98156	0.47821
98166	0.48613
98176	0.47485
98186	0.48423
98196	0.51793
98206	0.50014
98216	0.55211
98226	0.48198
98236	0.48672
98246	0.49110
98256	0.47821
98266	0.48346
98276	0.47530
98286	0.48248
98296	0.49812
98306	0.48846
98316	0.49043
98326	0.64014
98336	0.48739
98346	0.48581
98356	0.49134
98365	0.49142
98375	0.48418
98385	0.49850
98395	0.50478
98405	0.49594
98415	0.50014
98425	0.49921
98435	0.48684
98445	0.48437
98455	0.53737
98465	0.48096
98475	0.52561
98485	0.51124
98495	0.53465
98505	0.48888
98515	0.54688
98525	0.48207
98535	0.48263
98545	0.48308
98555	0.48318
98565	0.48418
98575	0.47950
98585	0.49741
98595	0.49638
98605	0.49873
98615	0.48232
98625	0.48147
98635	0.47978
98645	0.48386
98655	0.47595
98665	0.48030
98675	0.54239
98685	0.49335
98695	0.48375
98705	0.48126
98715	0.55772
98725	0.62153
98735	0.48453
98745	0.48193
98755	0.48789
98765	0.48395
98775	0.48711
98784	0.47512
98794	0.48282
98804	0.48538
98814	0.47985
98824	0.48627
98834	0.49397
98844	0.47755
98854	0.48741
98864	0.48259
98874	0.62338
98884	0.56453
98894	0.52292
98904	0.48239
98914	0.60875
98924	0.63872
98934	0.49019
98944	0.47698
98954	0.51628
98964	0.51219
98974	0.49920
98984	0.48693
98994	0.50736
99004	0.54678
99014	0.50035
99024	0.48375
99034	0.48786
99044	0.48146
99054	0.48251
99064	0.47785
99074	0.49177
99084	0.47882
99094	0.47758
99104	0.47611
99114	0.48307
99124	0.47909
99134	0.48106
99144	0.48428
99154	0.48808
99164	0.53046
99174	0.47982
99184	0.50959
99194	0.51843
99203	0.63483
99213	0.48784
99223	0.48201
99233	0.48235
99243	0.48362
99253	0.48223
99263	0.48468
99273	0.48273
99283	0.49309
99293	0.50793
99303	0.50441
99313	0.52625
99323	0.49236
99333	0.48460
99343	0.49984
99353	0.48990
99363	0.51511
99373	0.57225
99383	0.59383
99393	0.49624
99403	0.54849
99413	0.57921
99423	0.62148
99433	0.47898
99443	0.48195
99453	0.51051
99463	0.49775
99473	0.56106
99483	0.50811
99493	0.48448
99503	0.48468
99513	0.67509
99523	0.48210
99533	0.49037
99543	0.48612
99553	0.49257
99563	0.49669
99573	0.48606
99583	0.50045
99593	0.61201
99603	0.48153
99613	0.48040
99622	0.49334
99632	0.51141
99642	0.48144
99652	0.50971
99662	0.48425
99672	0.50143
99682	0.50328
99692	0.48933
99702	0.51550
99712	0.48071
99722	0.48701
99732	0.48496
99742	0.47891
99752	0.54449
99762	0.54478
99772	0.47966
99782	0.61191
99792	0.47901
99802	0.49803
99812	0.48722
99822	0.48732
99832	0.48595
99842	0.49536
99852	0.51356
99862	0.49471
99872	0.51588
99882	0.60715
99892	0.50119
99902	0.54931
99912	0.50581
99922	0.52969
99932	0.49460
99942	0.50119
99952	0.50900
99962	0.50283
99972	0.48922
99982	0.52195
99992	0.48400
100002	0.50009
100012	0.49006
100022	0.48038
100032	0.48043
100041	0.49378
100051	0.49921
100061	0.49797
100071	0.49150
100081	0.49698
100091	0.49858
100101	0.49537
100111	0.50254
100121	0.49654
100131	0.49310
100141	0.50274
100151	0.51455
100161	0.53467
100171	0.51326
100181	0.51728
100191	0.55924
100201	0.50364
100211	0.60006
100221	0.49411
100231	0.48602
100241	0.48395
100251	0.48359
100261	0.48046
100271	0.47654
100281	0.60246
100291	0.54214
100301	0.47816
100311	0.47738
100321	0.48203
100331	0.48556
100341	0.49000
100351	0.50211
100361	0.48563
100371	0.52376
100381	0.51847
100391	0.48553
100401	0.50893
100411	0.49793
100421	0.55179
100431	0.48275
100441	0.53182
100451	0.53746
100460	0.50047
100470	0.50050
100480	0.48431
100490	0.48466
100500	0.47472
100510	0.48637
100520	0.47666
100530	0.56294
100540	0.47591
100550	0.47774
100560	0.61191
100570	0.50657
100580	0.48998
100590	0.52344
100600	0.47957
100610	0.52653
100620	0.47366
100630	0.49266
100640	0.47617
100650	0.47543
100660	0.47488
100670	0.47829
100680	0.47131
100690	0.48111
100700	0.46870
100710	0.47530
100720	0.48341
100730	0.48871
100740	0.49247
100750	0.48419
100760	0.47265
100770	0.47631
100780	0.47141
100790	0.52640
100800	0.48080
100810	0.47775
100820	0.47654
100830	0.49372
100840	0.49392
100850	0.52515
100860	0.53325
100870	0.50235
100879	0.52253
100889	0.54632
100899	0.50141
100909	0.51650
100919	0.49129
100929	0.54756
100939	0.57139
100949	0.57670
100959	0.55693
100969	0.54742
100979	0.51338
100989	0.51015
100999	0.52007
101009	0.53962
101019	0.48408
101029	0.51662
101039	0.50662
101049	0.48258
101059	0.53627
101069	0.48386
101079	0.48558
101089	0.48653
101099	0.48631
101109	0.49667
101119	0.49858
101129	0.49914
101139	0.50071
101149	0.54912
101159	0.55383
101169	0.51137
101179	0.51072
101189	0.52572
101199	0.50106
101209	0.51650
101219	0.51422
101229	0.51679
101239	0.50680
101249	0.52922
101259	0.58213
101269	0.49396
101279	0.53854
101288	0.48878
101298	0.48563
101308	0.52297
101318	0.52898
101328	0.50998
101338	0.57027
101348	0.57413
101358	0.60798
101368	0.48544
101378	0.48593
101388	0.48928
101398	0.48809
101408	0.48706
101418	0.48763
101428	0.47941
101438	0.48926
101448	0.49772
101458	0.49279
101468	0.49483
101478	0.50720
101488	0.50433
101498	0.59327
101508	0.50974
101518	0.50064
101528	0.50858
101538	0.47950
101548	0.47196
101558	0.55423
101568	0.49901
101578	0.47963
101588	0.52591
101598	0.48016
101608	0.47243
101618	0.49146
101628	0.47221
101638	0.47828
101648	0.47649
101658	0.58585
101668	0.48251
101678	0.48118
101688	0.48868
101698	0.48576
101707	0.48783
101717	0.51459
101727	0.49301
101737	0.48861
101747	0.49095
101757	0.50023
101767	0.55617
101777	0.49329
101787	0.49089
101797	0.49150
101807	0.62589
101817	0.66633
101827	0.48632
101837	0.53578
101847	0.52182
101857	0.48641
101867	0.49170
101877	0.58434
101887	0.48370
101897	0.56954
101907	0.52307
101917	0.52715
101927	0.54376
101937	0.52001
101947	0.59777
101957	0.58782
101967	0.63206
101977	0.59947
101987	0.52219
101997	0.57654
102007	0.54908
102017	0.52170
102027	0.53478
102037	0.53584
102047	0.53224
102057	0.53973
102067	0.60299
102077	0.61259
102087	0.61935
102097	0.57645
102107	0.54659
102117	0.55376
102126	0.52729
102136	0.65456
102146	0.59700
102156	0.54139
102166	0.54251
102176	0.53340
102186	0.56419
102196	0.51793
102206	0.51935
102216	0.56649
102226	0.52460
102236	0.52813
102246	0.59070
102256	0.62515
102266	0.54791
102276	0.53590
102286	0.54717
102296	0.61131
102306	0.70500
102316	0.55671
102326	0.62854
102336	0.54577
102346	0.56147
102356	0.52130
102366	0.53325
102376	0.55011
102386	0.54182
102396	0.52658
102406	0.60703
102416	0.55776
102426	0.56087
102436	0.61971
102446	0.57835
102456	0.52810
102466	0.53957
102476	0.54848
102486	0.56740
102496	0.56220
102506	0.56320
102516	0.55851
102526	0.55462
102536	0.52964
102545	0.54012
102555	0.60075
102565	0.60126
102575	0.52651
102585	0.54441
102595	0.70778
102605	0.65597
102615