
id: 7
num_1: 34197	| 0000000017749383 cfc771d1266ed6b5 e6503424c62eef89 d11f3f7d770f418a ...
    7	     0.032
   15	     0.084
   23	     0.104
   31	     0.213
   39	     0.318
   47	     0.327
   55	     0.437
   63	     0.461
   71	     0.505
   79	     0.616
   87	     0.625
   95	     0.671
  103	     0.644
  111	     0.820
  119	     0.828
  127	     0.973
  135	     1.047
  143	     1.005
  151	     1.083
  159	     1.250
  167	     1.199
  175	     1.272
  183	     1.358
  191	     1.309
  199	     1.426
  207	     1.606
  215	     1.572
  223	     2.366
  231	     2.613
  239	     2.810
  247	     2.874
  255	     2.963
  263	     3.038
  271	     3.552
  279	     3.362
  287	     3.476
  295	     4.779
  303	     5.133
  311	     5.235
  319	     6.068
  327	     5.931
  335	     7.255
  343	     8.864
  351	     6.388
  359	    11.005
  367	    11.290
  375	    12.187
  383	    14.553
  391	    23.443
  399	    20.797
  407	    44.358
  415	    65.696
  423	     1.740
  431	     2.345
  439	     3.086
  447	     3.212
  455	     3.703
  463	     3.452
  471	     3.686
  479	     4.159
  487	     3.807
  495	     3.912
  503	     4.024
  511	     4.036
  519	     4.480
  527	     4.148
  535	     4.102
  543	     4.083
  551	     4.329
  559	     4.430
  567	     4.826
  575	     4.848
  583	     4.343
  591	     4.404
  599	     4.535
  607	     4.833
  615	     5.392
  623	     4.982
  631	     5.596
  639	     5.708
  647	     7.812
  655	     8.779
  663	     8.509
  671	     8.802
  679	     8.591
  687	     9.158
  695	     9.781
  703	     9.568
  711	    12.325
  719	    13.010
  727	    13.725
  735	    13.202
  743	    16.851
  751	    17.260
  759	    17.709
  767	    18.761
  775	    25.893
  783	    26.389
  791	    33.162
  799	    38.136
  807	    38.362
  815	    57.785
  823	    44.242
  831	   146.351
  839	     3.511
  847	     4.922
  855	     5.027
  863	     6.284
  871	     6.144
  879	     7.091
  887	     7.393
  895	     7.967
  903	     7.396
  911	     7.772
  919	     7.672
  927	     7.860
  935	     8.277
  943	     7.781
  951	     7.843
  959	     8.567
  967	     8.527
  975	     7.931
  983	     8.440
  991	     8.424
  999	     8.412
 1007	     7.908
 1015	     8.939
 1023	     8.499
 1031	     8.948
 1039	     9.098
 1047	     8.412
 1055	    11.306
 1063	    14.038
 1071	    14.696
 1079	    13.372
 1087	    15.392
 1095	    15.402
 1103	    15.000
 1111	    15.619
 1119	    14.968
 1127	    18.246
 1135	    21.141
 1143	    21.956
 1151	    20.811
 1159	    22.520
 1167	    22.090
 1175	    28.987
 1183	    34.281
 1191	    36.505
 1199	    35.873
 1207	    47.690
 1215	    48.945
 1223	    44.873
 1231	    72.027
 1239	   123.062
 1247	   186.057
 1255	   269.333
 1263	     5.095
 1271	     8.368
 1279	     6.414
 1287	     9.474
 1295	    11.037
 1303	    10.904
 1311	    10.956
 1319	    11.396
 1327	    11.332
 1335	    11.031
 1343	    11.403
 1351	    11.331
 1359	    10.910
 1367	    11.818
 1375	    11.886
 1383	    12.588
 1391	    12.361
 1399	    12.431
 1407	    12.585
 1415	    11.894
 1423	    12.671
 1431	    12.769
 1439	    12.519
 1447	    12.327
 1455	    12.934
 1463	    12.627
 1471	    13.408
 1479	    18.923
 1487	    15.867
 1495	    20.770
 1503	    20.910
 1511	    19.996
 1519	    21.182
 1527	    20.959
 1535	    21.001
 1543	    22.373
 1551	    27.416
 1559	    30.130
 1567	    29.478
 1575	    29.683
 1583	    38.100
 1591	    38.631
 1599	    38.063
 1607	    46.720
 1615	    46.075
 1623	    56.478
 1631	    71.620
 1639	    73.665
 1647	   105.433
 1655	   125.043
 1663	   169.591
 1671	   126.344
 1679	     8.377
 1687	     6.660
 1695	    12.260
 1703	    13.831
 1711	     9.651
 1719	    14.644
 1727	    14.319
 1735	    14.703
 1743	    14.922
 1751	    15.367
 1759	    15.274
 1767	    15.555
 1775	    14.739
 1783	    15.670
 1791	    15.591
 1799	    15.837
 1807	    15.037
 1815	    15.173
 1823	    15.730
 1831	    15.004
 1839	    15.847
 1847	    15.916
 1855	    15.660
 1863	    15.799
 1871	    16.294
 1879	    15.385
 1887	    16.519
 1895	    16.740
 1903	    24.880
 1911	    25.396
 1919	    26.522
 1927	    26.812
 1935	    25.241
 1943	    26.791
 1951	    26.928
 1959	    28.377
 1967	    28.745
 1975	    37.690
 1983	    37.099
 1991	    37.648
 1999	    36.653
 2007	    46.664
 2015	    46.816
 2023	    48.535
 2031	    56.604
 2039	    69.066
 2047	    81.722
 2055	    92.760
 2063	   116.698
 2071	   151.337
 2079	   173.598
 2087	   182.564
 2095	   504.872
 2103	     7.960
 2111	    14.259
 2119	    16.056
 2127	    17.483
 2135	    17.572
 2143	    17.910
 2151	    18.041
 2159	    18.524
 2167	    18.525
 2175	    18.236
 2183	    18.893
 2191	    18.657
 2199	    18.760
 2207	    18.495
 2215	    18.589
 2223	    18.717
 2231	    19.203
 2239	    19.773
 2247	    20.181
 2255	    21.116
 2263	    18.619
 2271	    18.239
 2279	    18.938
 2287	    19.068
 2295	    18.413
 2303	    19.779
 2311	    21.194
 2319	    28.959
 2327	    29.228
 2335	    31.127
 2343	    31.135
 2351	    31.476
 2359	    30.980
 2367	    32.452
 2375	    32.564
 2383	    33.434
 2391	    39.270
 2399	    40.243
 2407	    45.663
 2415	    43.792
 2423	    55.079
 2431	    57.011
 2439	    47.200
 2447	    70.334
 2455	    90.505
 2463	    92.338
 2471	    79.558
 2479	   121.527
 2487	   164.300
 2495	   186.527
 2503	   320.631
 2511	   283.336
 2519	     9.988
 2527	    16.154
 2535	    17.374
 2543	    17.487
 2551	    20.691
 2559	    21.511
 2567	    14.697
 2575	    21.551
 2583	    21.720
 2591	    21.539
 2599	    21.373
 2607	    21.271
 2615	    22.968
 2623	    23.031
 2631	    22.736
 2639	    22.775
 2647	    22.841
 2655	    22.444
 2663	    22.612
 2671	    22.781
 2679	    22.581
 2687	    22.263
 2695	    22.938
 2703	    22.416
 2711	    22.651
 2719	    23.276
 2727	    23.388
 2735	    29.576
 2743	    36.167
 2751	    36.675
 2759	    36.034
 2767	    36.855
 2775	    38.018
 2783	    37.273
 2791	    36.338
 2799	    39.433
 2807	    53.816
 2815	    52.238
 2823	    52.119
 2831	    52.580
 2839	    57.369
 2847	    65.643
 2855	    66.723
 2863	    79.748
 2871	    89.617
 2879	    96.871
 2887	   110.490
 2895	   103.620
 2903	   173.199
 2911	   160.308
 2919	   162.986
 2927	   355.451
 2935	   818.540
 2943	    14.523
 2951	    15.878
 2959	    22.390
 2967	    24.959
 2975	    26.357
 2983	    26.363
 2991	    26.440
 2999	    25.640
 3007	    25.295
 3015	    26.110
 3023	    26.254
 3031	    25.881
 3039	    25.683
 3047	    26.016
 3055	    26.325
 3063	    26.469
 3071	    26.067
 3079	    26.636
 3087	    27.054
 3095	    26.602
 3103	    26.488
 3111	    26.360
 3119	    26.263
 3127	    26.715
 3135	    27.285
 3143	    27.768
 3151	    28.466
 3159	    41.627
 3167	    44.188
 3175	    44.459
 3183	    44.373
 3191	    43.741
 3199	    44.175
 3207	    44.106
 3215	    43.685
 3223	    45.451
 3231	    60.063
 3239	    61.419
 3247	    61.094
 3255	    61.658
 3263	    79.424
 3271	    80.184
 3279	    79.821
 3287	    96.550
 3295	   110.886
 3303	   111.459
 3311	   108.574
 3319	   151.562
 3327	   233.375
 3335	   242.340
 3343	   300.870
 3351	   560.992
 3359	    14.899
 3367	    22.030
 3375	    27.801
 3383	    29.155
 3391	    29.995
 3399	    30.075
 3407	    31.685
 3415	    32.477
 3423	    30.768
 3431	    29.407
 3439	    28.884
 3447	    29.230
 3455	    30.049
 3463	    29.525
 3471	    29.618
 3479	    29.712
 3487	    28.904
 3495	    30.047
 3503	    30.380
 3511	    30.751
 3519	    30.603
 3527	    30.988
 3535	    30.781
 3543	    29.806
 3551	    29.547
 3559	    30.881
 3567	    30.650
 3575	    39.488
 3583	    45.774
 3591	    48.522
 3599	    49.503
 3607	    49.453
 3615	    49.013
 3623	    48.491
 3631	    49.790
 3639	    51.491
 3647	    52.610
 3655	    68.952
 3663	    66.725
 3671	    67.279
 3679	    71.106
 3687	    86.160
 3695	    90.914
 3703	    95.897
 3711	   119.933
 3719	   134.343
 3727	   146.658
 3735	   181.242
 3743	   235.708
 3751	   291.437
 3759	   395.256
 3767	   618.054
 3775	    15.707
 3783	    19.970
 3791	    28.874
 3799	    29.489
 3807	    26.181
 3815	    37.442
 3823	    35.638
 3831	    33.830
 3839	    34.730
 3847	    34.358
 3855	    34.408
 3863	    35.599
 3871	    34.079
 3879	    35.151
 3887	    34.480
 3895	    34.503
 3903	    35.173
 3911	    34.439
 3919	    34.508
 3927	    35.020
 3935	    34.378
 3943	    34.076
 3951	    34.825
 3959	    35.234
 3967	    34.309
 3975	    35.173
 3983	    34.932
 3991	    39.709
 3999	    56.675
 4007	    55.693
 4015	    58.180
 4023	    59.158
 4031	    57.331
 4039	    58.202
 4047	    58.392
 4055	    58.691
 4063	    66.041
 4071	    78.055
 4079	    80.557
 4087	    84.656
 4095	    81.862
 4103	   102.526
 4111	   103.006
 4119	   122.262
 4127	   134.577
 4135	   161.212
 4143	   172.010
 4151	   160.352
 4159	   261.221
 4167	   379.395
 4175	   361.679
 4183	   620.698
 4191	   780.546
 4199	    18.452
 4207	    18.179
 4215	    30.010
 4223	    33.637
 4231	    35.688
 4239	    34.732
 4247	    36.203
 4255	    36.021
 4263	    35.569
 4271	    35.763
 4279	    36.046
 4287	    36.312
 4295	    37.038
 4303	    36.345
 4311	    35.451
 4319	    36.418
 4327	    36.737
 4335	    37.605
 4343	    36.338
 4351	    36.832
 4359	    36.655
 4367	    37.587
 4375	    36.813
 4383	    36.518
 4391	    37.120
 4399	    37.361
 4407	    38.307
 4415	    53.566
 4423	    51.670
 4431	    59.140
 4439	    60.331
 4447	    60.709
 4455	    60.154
 4463	    60.527
 4471	    61.666
 4479	    62.919
 4487	    79.293
 4495	    77.637
 4503	    83.858
 4511	    84.965
 4519	   102.120
 4527	   104.484
 4535	   107.123
 4543	   107.722
 4551	   141.536
 4559	   158.793
 4567	   134.737
 4575	   186.161
 4583	   257.599
 4591	   337.021
 4599	   279.769
 4607	   816.048
 4615	    20.309
 4623	    19.721
 4631	    32.845
 4639	    37.874
 4647	    37.954
 4655	    16.294
 4663	    36.727
 4671	    39.031
 4679	    38.287
 4687	    37.966
 4695	    39.006
 4703	    39.427
 4711	    39.202
 4719	    38.409
 4727	    38.556
 4735	    40.399
 4743	    38.858
 4751	    39.717
 4759	    38.645
 4767	    39.551
 4775	    40.037
 4783	    39.678
 4791	    39.521
 4799	    40.302
 4807	    40.395
 4815	    40.466
 4823	    40.509
 4831	    45.813
 4839	    61.145
 4847	    64.491
 4855	    64.377
 4863	    63.677
 4871	    65.099
 4879	    64.962
 4887	    65.169
 4895	    65.796
 4903	    65.074
 4911	    89.368
 4919	    90.904
 4927	    89.649
 4935	    93.369
 4943	   113.449
 4951	   115.640
 4959	   136.120
 4967	   115.920
 4975	   129.877
 4983	   185.629
 4991	   172.326
 4999	   242.446
 5007	   309.263
 5015	   484.253
 5023	   725.751
 5031	  1077.885
 5039	    22.493
 5047	    34.389
 5055	    22.629
 5063	    44.270
 5071	    18.846
 5079	    32.661
 5087	    43.080
 5095	    44.016
 5103	    47.167
 5111	    46.839
 5119	    45.735
 5127	    48.190
 5135	    46.460
 5143	    48.933
 5151	    46.398
 5159	    50.018
 5167	    47.543
 5175	    45.747
 5183	    46.822
 5191	    46.690
 5199	    49.198
 5207	    49.399
 5215	    53.964
 5223	    89.871
 5231	    44.802
 5239	    44.646
 5247	    48.575
 5255	    65.246
 5263	    69.563
 5271	    71.855
 5279	    73.367
 5287	    70.881
 5295	    72.774
 5303	    71.374
 5311	    62.102
 5319	    82.890
 5327	    98.492
 5335	    98.896
 5343	    91.170
 5351	   102.269
 5359	   124.340
 5367	   124.605
 5375	   127.302
 5383	   110.501
 5391	   153.815
 5399	   185.450
 5407	   205.995
 5415	   291.520
 5423	   362.191
 5431	   433.055
 5439	   564.345
 5447	   421.783
 5455	    20.211
 5463	    30.621
 5471	    31.296
 5479	    44.745
 5487	    45.642
 5495	    45.485
 5503	    47.764
 5511	    47.592
 5519	    46.363
 5527	    48.285
 5535	    46.895
 5543	    46.945
 5551	    46.907
 5559	    47.876
 5567	    46.093
 5575	    46.976
 5583	    47.338
 5591	    47.103
 5599	    47.789
 5607	    47.273
 5615	    46.547
 5623	    48.300
 5631	    47.371
 5639	    47.210
 5647	    48.873
 5655	    49.048
 5663	    49.448
 5671	    60.455
 5679	    74.185
 5687	    72.044
 5695	    76.516
 5703	    76.883
 5711	    77.335
 5719	    76.317
 5727	    76.741
 5735	    77.462
 5743	    80.190
 5751	   107.110
 5759	   104.351
 5767	   113.447
 5775	   123.286
 5783	   122.073
 5791	   139.071
 5799	   167.889
 5807	   167.797
 5815	   200.076
 5823	   234.160
 5831	   252.752
 5839	   343.677
 5847	   438.161
 5855	   515.989
 5863	   531.659
 5871	  1442.362
 5879	    31.126
 5887	    40.200
 5895	    35.909
 5903	    49.193
 5911	    46.482
 5919	    50.300
 5927	    50.501
 5935	    49.994
 5943	    50.823
 5951	    49.246
 5959	    50.121
 5967	    50.173
 5975	    50.360
 5983	    50.481
 5991	    50.460
 5999	    50.241
 6007	    50.213
 6015	    51.916
 6023	    49.663
 6031	    49.450
 6039	    49.816
 6047	    50.141
 6055	    51.549
 6063	    51.523
 6071	    51.493
 6079	    51.228
 6087	    54.520
 6095	    64.935
 6103	    81.331
 6111	    82.567
 6119	    81.469
 6127	    82.360
 6135	    83.584
 6143	    83.340
 6151	    84.570
 6159	    82.522
 6167	   112.914
 6175	   116.697
 6183	   117.975
 6191	   120.478
 6199	   143.707
 6207	   145.274
 6215	   153.235
 6223	   181.927
 6231	   179.044
 6239	   208.247
 6247	   238.471
 6255	   201.853
 6263	   283.624
 6271	   504.584
 6279	   803.856
 6287	   730.464
 6295	    28.094
 6303	    32.966
 6311	    48.286
 6319	    52.930
 6327	    54.681
 6335	    54.807
 6343	    50.724
 6351	    53.459
 6359	    53.599
 6367	    55.469
 6375	    56.673
 6383	    54.706
 6391	    53.610
 6399	    54.296
 6407	    56.230
 6415	    56.450
 6423	    55.777
 6431	    55.595
 6439	    55.284
 6447	    57.258
 6455	    55.446
 6463	    57.129
 6471	    55.035
 6479	    57.915
 6487	    56.108
 6495	    56.553
 6503	    58.828
 6511	    63.478
 6519	    86.257
 6527	    85.705
 6535	    90.615
 6543	    89.803
 6551	    89.114
 6559	    89.559
 6567	    90.653
 6575	    90.924
 6583	   119.201
 6591	   123.419
 6599	   122.067
 6607	   125.498
 6615	   129.892
 6623	   159.034
 6631	   160.362
 6639	   189.526
 6647	   195.614
 6655	   229.397
 6663	   232.713
 6671	   335.295
 6679	   298.912
 6687	   419.345
 6695	   418.118
 6703	   850.674
 6711	  1894.307
 6719	    33.741
 6727	    48.069
 6735	    43.690
 6743	    56.305
 6751	    57.472
 6759	    56.157
 6767	    55.389
 6775	    58.593
 6783	    58.472
 6791	    57.005
 6799	    59.863
 6807	    58.139
 6815	    58.541
 6823	    59.707
 6831	    60.578
 6839	    61.427
 6847	    59.571
 6855	    60.355
 6863	    59.744
 6871	    59.783
 6879	    60.196
 6887	    60.305
 6895	    60.254
 6903	    59.585
 6911	    58.546
 6919	    62.400
 6927	    63.046
 6935	    90.354
 6943	    94.052
 6951	    97.917
 6959	    96.531
 6967	   100.559
 6975	    99.266
 6983	    99.400
 6991	    98.957
 6999	   109.067
 7007	   127.926
 7015	   137.584
 7023	   137.772
 7031	   146.660
 7039	   161.712
 7047	   175.014
 7055	   183.155
 7063	   212.474
 7071	   229.568
 7079	   286.824
 7087	   253.395
 7095	   394.898
 7103	   342.235
 7111	   571.098
 7119	   694.221
 7127	  1109.477
 7135	    28.928
 7143	    34.691
 7151	    56.833
 7159	    60.124
 7167	    61.502
 7175	    64.110
 7183	    63.103
 7191	    63.147
 7199	    65.949
 7207	    64.428
 7215	    73.194
 7223	    75.656
 7231	    74.440
 7239	    76.880
 7247	    71.024
 7255	    69.032
 7263	    66.746
 7271	    67.748
 7279	    65.712
 7287	    65.571
 7295	    66.592
 7303	    63.571
 7311	    66.330
 7319	    66.240
 7327	    66.369
 7335	    66.743
 7343	    65.461
 7351	    92.765
 7359	   103.288
 7367	   107.515
 7375	   110.172
 7383	   106.613
 7391	   117.685
 7399	   116.578
 7407	   108.414
 7415	   120.918
 7423	   132.163
 7431	   160.667
 7439	   150.401
 7447	   150.396
 7455	   151.386
 7463	   189.758
 7471	   187.604
 7479	   227.159
 7487	   231.579
 7495	   271.542
 7503	   255.451
 7511	   419.617
 7519	   432.429
 7527	   708.561
 7535