
id: 0
num_1: 34197	| 0000000017749383 cfc771d1266ed6b5 e6503424c62eef89 d11f3f7d770f418a ...
    8	     0.030
   16	     0.087
   24	     0.186
   32	     0.245
   40	     0.295
   48	     0.371
   56	     0.492
   64	     0.506
   72	     0.572
   80	     0.588
   88	     0.630
   96	     0.737
  104	     0.900
  112	     0.924
  120	     0.993
  128	     1.033
  136	     1.068
  144	     1.012
  152	     1.103
  160	     1.184
  168	     1.277
  176	     1.290
  184	     1.458
  192	     1.504
  200	     1.512
  208	     1.550
  216	     1.844
  224	     1.780
  232	     1.707
  240	     1.851
  248	     1.964
  256	     2.011
  264	     2.008
  272	     2.222
  280	     2.173
  288	     2.147
  296	     2.333
  304	     2.423
  312	     2.263
  320	     2.384
  328	     2.472
  336	     2.398
  344	     2.523
  352	     2.771
  360	     3.123
  368	     3.126
  376	     2.999
  384	     2.895
  392	     3.088
  400	     2.968
  408	     2.642
  416	     1.864
  424	     1.902
  432	     1.496
  440	     3.091
  448	     3.650
  456	     3.661
  464	     3.694
  472	     3.946
  480	     3.822
  488	     4.366
  496	     4.303
  504	     4.285
  512	     4.402
  520	     4.542
  528	     4.541
  536	     4.719
  544	     4.770
  552	     5.141
  560	     4.833
  568	     4.828
  576	     4.986
  584	     5.169
  592	     4.970
  600	     5.561
  608	     5.331
  616	     5.259
  624	     5.254
  632	     5.650
  640	     5.692
  648	     5.589
  656	     5.665
  664	     5.630
  672	     5.736
  680	     5.873
  688	     5.934
  696	     5.868
  704	     5.944
  712	     6.108
  720	     6.271
  728	     6.502
  736	     6.914
  744	     6.901
  752	     6.316
  760	     6.596
  768	     6.800
  776	     7.148
  784	     7.039
  792	     7.717
  800	     7.435
  808	     6.988
  816	     6.659
  824	     6.289
  832	     4.301
  840	     2.649
  848	     4.912
  856	     5.396
  864	     2.887
  872	     5.115
  880	     7.642
  888	     7.746
  896	     7.878
  904	     7.806
  912	     7.668
  920	     7.827
  928	     7.868
  936	     8.147
  944	     7.974
  952	     8.142
  960	     8.336
  968	     8.457
  976	     8.661
  984	     8.968
  992	     9.308
 1000	     9.358
 1008	     8.248
 1016	     8.640
 1024	     9.189
 1032	     9.158
 1040	     9.012
 1048	     9.170
 1056	     9.145
 1064	     9.200
 1072	     9.205
 1080	     9.611
 1088	     9.231
 1096	     9.089
 1104	     8.790
 1112	     9.328
 1120	     9.261
 1128	     9.128
 1136	     9.526
 1144	     9.906
 1152	     9.968
 1160	    10.057
 1168	    10.096
 1176	    10.026
 1184	    10.231
 1192	    10.202
 1200	    10.574
 1208	    10.713
 1216	    10.083
 1224	    10.770
 1232	     9.913
 1240	    10.211
 1248	    10.059
 1256	     5.206
 1264	     6.659
 1272	     9.516
 1280	    11.039
 1288	    11.588
 1296	    11.684
 1304	    12.902
 1312	    12.206
 1320	    12.162
 1328	    12.800
 1336	    12.205
 1344	    12.319
 1352	    12.218
 1360	    12.462
 1368	    13.280
 1376	    13.895
 1384	    13.319
 1392	    13.130
 1400	    12.713
 1408	    12.747
 1416	    12.607
 1424	    13.020
 1432	    12.849
 1440	    12.776
 1448	    12.940
 1456	    13.480
 1464	    13.271
 1472	    13.268
 1480	    13.479
 1488	    13.381
 1496	    13.507
 1504	    13.602
 1512	    13.721
 1520	    13.520
 1528	    13.799
 1536	    13.559
 1544	    14.267
 1552	    13.689
 1560	    13.724
 1568	    13.866
 1576	    13.887
 1584	    14.525
 1592	    14.117
 1600	    14.279
 1608	    14.112
 1616	    14.450
 1624	    14.591
 1632	    14.723
 1640	    14.552
 1648	    14.440
 1656	    14.201
 1664	    12.740
 1672	     8.515
 1680	     7.290
 1688	     7.995
 1696	    10.956
 1704	    14.202
 1712	    14.994
 1720	    14.994
 1728	    14.985
 1736	    16.086
 1744	    15.793
 1752	    15.330
 1760	    16.279
 1768	    16.302
 1776	    16.254
 1784	    16.353
 1792	    16.366
 1800	    16.331
 1808	    16.308
 1816	    16.263
 1824	    16.397
 1832	    16.034
 1840	    16.506
 1848	    16.888
 1856	    16.893
 1864	    17.186
 1872	    16.770
 1880	    17.216
 1888	    16.948
 1896	    17.879
 1904	    17.107
 1912	    16.915
 1920	    16.742
 1928	    17.026
 1936	    18.115
 1944	    17.934
 1952	    16.540
 1960	    17.200
 1968	    17.638
 1976	    16.857
 1984	    18.256
 1992	    19.108
 2000	    18.658
 2008	    18.693
 2016	    19.766
 2024	    19.138
 2032	    18.371
 2040	    18.207
 2048	    18.205
 2056	    17.851
 2064	    18.185
 2072	    17.403
 2080	    17.248
 2088	    15.374
 2096	     7.452
 2104	    11.917
 2112	    14.408
 2120	    15.855
 2128	    18.345
 2136	    18.570
 2144	    18.014
 2152	    18.808
 2160	    18.626
 2168	    19.521
 2176	    19.880
 2184	    19.573
 2192	    18.994
 2200	    20.004
 2208	    20.383
 2216	    19.876
 2224	    20.117
 2232	    21.138
 2240	    20.724
 2248	    20.968
 2256	    20.706
 2264	    20.999
 2272	    21.453
 2280	    22.017
 2288	    22.425
 2296	    22.288
 2304	    21.760
 2312	    21.541
 2320	    21.374
 2328	    21.471
 2336	    21.701
 2344	    22.412
 2352	    22.615
 2360	    23.285
 2368	    22.707
 2376	    25.586
 2384	    22.769
 2392	    22.370
 2400	    23.056
 2408	    26.750
 2416	    24.367
 2424	    23.895
 2432	    22.642
 2440	    23.377
 2448	    23.610
 2456	    23.976
 2464	    24.105
 2472	    23.138
 2480	    23.217
 2488	    23.203
 2496	    22.067
 2504	    21.637
 2512	    12.559
 2520	    11.191
 2528	    19.533
 2536	    19.623
 2544	    22.592
 2552	    23.553
 2560	    23.821
 2568	    25.044
 2576	    25.126
 2584	    25.559
 2592	    25.824
 2600	    25.941
 2608	    25.409
 2616	    25.121
 2624	    25.892
 2632	    25.879
 2640	    25.324
 2648	    25.363
 2656	    26.344
 2664	    27.991
 2672	    25.232
 2680	    25.808
 2688	    25.830
 2696	    26.694
 2704	    26.772
 2712	    25.783
 2720	    25.673
 2728	    26.382
 2736	    25.746
 2744	    30.450
 2752	    28.976
 2760	    29.240
 2768	    29.580
 2776	    31.208
 2784	    30.794
 2792	    31.510
 2800	    31.159
 2808	    29.307
 2816	    25.737
 2824	    25.048
 2832	    25.741
 2840	    25.567
 2848	    25.652
 2856	    25.857
 2864	    24.272
 2872	    23.584
 2880	    24.007
 2888	    23.774
 2896	    24.065
 2904	    24.576
 2912	    23.877
 2920	    22.279
 2928	    19.678
 2936	    12.531
 2944	    11.768
 2952	    20.724
 2960	    19.609
 2968	    24.427
 2976	    24.814
 2984	    25.176
 2992	    24.423
 3000	    26.054
 3008	    25.800
 3016	    25.700
 3024	    25.345
 3032	    25.695
 3040	    25.934
 3048	    25.571
 3056	    25.507
 3064	    26.132
 3072	    26.082
 3080	    25.476
 3088	    25.547
 3096	    25.983
 3104	    25.954
 3112	    25.580
 3120	    25.429
 3128	    26.707
 3136	    27.034
 3144	    25.760
 3152	    26.003
 3160	    25.659
 3168	    26.977
 3176	    26.707
 3184	    27.100
 3192	    27.906
 3200	    28.219
 3208	    27.908
 3216	    27.683
 3224	    26.929
 3232	    27.142
 3240	    26.909
 3248	    27.005
 3256	    26.843
 3264	    26.814
 3272	    26.890
 3280	    27.047
 3288	    27.021
 3296	    26.967
 3304	    27.586
 3312	    27.770
 3320	    27.442
 3328	    27.398
 3336	    26.899
 3344	    24.293
 3352	    15.229
 3360	    10.645
 3368	    12.366
 3376	    26.363
 3384	    25.902
 3392	    29.340
 3400	    33.735
 3408	    29.584
 3416	    28.669
 3424	    29.042
 3432	    28.983
 3440	    28.260
 3448	    29.767
 3456	    29.199
 3464	    28.701
 3472	    29.084
 3480	    28.868
 3488	    29.493
 3496	    29.345
 3504	    29.815
 3512	    29.789
 3520	    29.495
 3528	    30.332
 3536	    29.904
 3544	    30.258
 3552	    29.829
 3560	    30.084
 3568	    30.775
 3576	    30.335
 3584	    31.370
 3592	    30.012
 3600	    30.037
 3608	    30.128
 3616	    29.959
 3624	    29.537
 3632	    30.475
 3640	    30.332
 3648	    30.472
 3656	    30.768
 3664	    29.919
 3672	    31.407
 3680	    30.176
 3688	    31.354
 3696	    30.963
 3704	    31.139
 3712	    30.884
 3720	    32.269
 3728	    30.659
 3736	    32.598
 3744	    31.603
 3752	    30.355
 3760	    30.308
 3768	    22.979
 3776	    15.844
 3784	    21.265
 3792	    25.876
 3800	    29.927
 3808	    31.394
 3816	    31.246
 3824	    31.764
 3832	    32.252
 3840	    32.290
 3848	    32.038
 3856	    31.324
 3864	    31.369
 3872	    33.023
 3880	    32.552
 3888	    32.164
 3896	    33.394
 3904	    33.894
 3912	    33.960
 3920	    34.589
 3928	    33.279
 3936	    33.001
 3944	    33.352
 3952	    33.433
 3960	    33.630
 3968	    32.916
 3976	    32.478
 3984	    32.861
 3992	    34.097
 4000	    33.114
 4008	    33.802
 4016	    33.617
 4024	    33.093
 4032	    33.900
 4040	    33.269
 4048	    33.835
 4056	    34.316
 4064	    35.935
 4072	    34.866
 4080	    35.276
 4088	    37.448
 4096	    34.226
 4104	    35.507
 4112	    35.192
 4120	    35.033
 4128	    34.686
 4136	    34.718
 4144	    38.617
 4152	    35.013
 4160	    35.646
 4168	    34.431
 4176	    32.655
 4184	    29.253
 4192	    19.399
 4200	    20.804
 4208	    26.225
 4216	    32.567
 4224	    25.145
 4232	    35.511
 4240	    35.905
 4248	    36.004
 4256	    37.866
 4264	    36.196
 4272	    35.935
 4280	    36.229
 4288	    36.752
 4296	    36.509
 4304	    36.222
 4312	    36.559
 4320	    37.230
 4328	    37.090
 4336	    36.618
 4344	    36.415
 4352	    36.493
 4360	    38.037
 4368	    38.309
 4376	    38.313
 4384	    37.464
 4392	    36.960
 4400	    37.124
 4408	    37.605
 4416	    36.743
 4424	    37.450
 4432	    37.760
 4440	    38.981
 4448	    37.932
 4456	    37.670
 4464	    36.755
 4472	    37.491
 4480	    37.483
 4488	    38.114
 4496	    37.779
 4504	    39.713
 4512	    38.702
 4520	    37.500
 4528	    37.585
 4536	    37.978
 4544	    38.187
 4552	    37.734
 4560	    37.686
 4568	    36.998
 4576	    38.279
 4584	    37.889
 4592	    36.075
 4600	    33.999
 4608	    21.365
 4616	    20.429
 4624	    27.930
 4632	    35.899
 4640	    35.214
 4648	    40.206
 4656	    42.071
 4664	    44.327
 4672	    40.178
 4680	    42.277
 4688	    43.133
 4696	    43.981
 4704	    40.458
 4712	    42.683
 4720	    39.542
 4728	    39.181
 4736	    40.082
 4744	    39.138
 4752	    39.336
 4760	    40.267
 4768	    40.581
 4776	    41.408
 4784	    42.123
 4792	    41.545
 4800	    40.035
 4808	    40.102
 4816	    40.685
 4824	    40.125
 4832	    40.346
 4840	    41.228
 4848	    40.269
 4856	    40.471
 4864	    40.993
 4872	    42.144
 4880	    40.845
 4888	    47.088
 4896	    42.338
 4904	    43.437
 4912	    42.798
 4920	    43.621
 4928	    48.988
 4936	    46.269
 4944	    41.308
 4952	    43.538
 4960	    41.983
 4968	    49.700
 4976	    42.861
 4984	    42.834
 4992	    42.106
 5000	    41.942
 5008	    41.957
 5016	    44.043
 5024	    50.062
 5032	    30.230
 5040	    31.062
 5048	    20.996
 5056	    26.225
 5064	    43.462
 5072	    44.896
 5080	    43.685
 5088	    47.366
 5096	    47.298
 5104	    50.001
 5112	    48.328
 5120	    48.649
 5128	    51.204
 5136	    51.800
 5144	    64.971
 5152	    47.426
 5160	    46.619
 5168	    50.599
 5176	    52.284
 5184	    50.462
 5192	    54.370
 5200	    52.443
 5208	    54.206
 5216	    52.874
 5224	    59.210
 5232	    56.392
 5240	    60.349
 5248	    56.558
 5256	    53.372
 5264	    49.487
 5272	    56.958
 5280	    48.605
 5288	    48.875
 5296	    52.238
 5304	    51.969
 5312	    53.651
 5320	    51.707
 5328	    47.069
 5336	    48.787
 5344	    48.275
 5352	    48.520
 5360	    45.758
 5368	    46.331
 5376	    46.010
 5384	    46.870
 5392	    46.899
 5400	    47.400
 5408	    46.483
 5416	    45.900
 5424	    46.374
 5432	    44.720
 5440	    44.550
 5448	    25.128
 5456	    20.284
 5464	    32.912
 5472	    48.935
 5480	    55.656
 5488	    51.382
 5496	    52.726
 5504	    47.684
 5512	    48.625
 5520	    46.719
 5528	    47.195
 5536	    46.238
 5544	    47.053
 5552	    47.231
 5560	    47.515
 5568	    48.480
 5576	    49.382
 5584	    47.738
 5592	    46.805
 5600	    45.898
 5608	    46.660
 5616	    47.786
 5624	    47.644
 5632	    47.653
 5640	    47.319
 5648	    48.218
 5656	    47.400
 5664	    47.909
 5672	    48.905
 5680	    50.729
 5688	    50.997
 5696	    48.766
 5704	    49.247
 5712	    49.596
 5720	    49.609
 5728	    53.030
 5736	    58.644
 5744	    53.664
 5752	    58.223
 5760	    50.110
 5768	    50.286
 5776	    54.560
 5784	    58.349
 5792	    63.328
 5800	    60.588
 5808	    52.737
 5816	    51.769
 5824	    48.722
 5832	    49.731
 5840	    49.720
 5848	    47.044
 5856	    48.189
 5864	    42.175
 5872	    23.978
 5880	    24.293
 5888	    38.586
 5896	    50.776
 5904	    39.699
 5912	    48.352
 5920	    49.629
 5928	    49.347
 5936	    49.866
 5944	    50.858
 5952	    50.091
 5960	    51.188
 5968	    50.907
 5976	    50.779
 5984	    51.105
 5992	    53.209
 6000	    65.712
 6008	    61.189
 6016	    62.317
 6024	    53.647
 6032	    53.227
 6040	    53.976
 6048	    52.262
 6056	    51.846
 6064	    51.249
 6072	    52.667
 6080	    52.350
 6088	    56.205
 6096	    57.933
 6104	    53.703
 6112	    56.171
 6120	    59.718
 6128	    58.483
 6136	    58.374
 6144	    63.187
 6152	    58.381
 6160	    58.467
 6168	    59.125
 6176	    64.410
 6184	    63.129
 6192	    54.084
 6200	    54.190
 6208	    54.012
 6216	    54.979
 6224	    53.469
 6232	    53.565
 6240	    55.339
 6248	    54.262
 6256	    54.024
 6264	    51.962
 6272	    55.717
 6280	    51.020
 6288	    32.274
 6296	    28.263
 6304	    21.560
 6312	    34.475
 6320	    53.833
 6328	    53.734
 6336	    50.200
 6344	    54.935
 6352	    55.292
 6360	    56.162
 6368	    53.887
 6376	    55.447
 6384	    59.973
 6392	    58.139
 6400	    56.137
 6408	    55.787
 6416	    56.918
 6424	    55.633
 6432	    57.448
 6440	    56.891
 6448	    55.021
 6456	    56.202
 6464	    57.070
 6472	    60.243
 6480	    59.699
 6488	    56.079
 6496	    55.274
 6504	    55.988
 6512	    56.518
 6520	    58.415
 6528	    54.456
 6536	    57.759
 6544	    57.350
 6552	    56.293
 6560	    59.833
 6568	    60.591
 6576	    61.980
 6584	    64.377
 6592	    63.222
 6600	    61.978
 6608	    69.680
 6616	    68.549
 6624	    67.122
 6632	    65.543
 6640	    71.011
 6648	    67.116
 6656	    68.555
 6664	    69.074
 6672	    69.118
 6680	    61.609
 6688	    59.880
 6696	    56.178
 6704	    52.293
 6712	    32.884
 6720	    48.178
 6728	    47.968
 6736	    67.714
 6744	    70.107
 6752	    71.073
 6760	    65.571
 6768	    69.901
 6776	    78.368
 6784	    70.903
 6792	    70.203
 6800	    74.559
 6808	    70.887
 6816	    77.284
 6824	    73.672
 6832	    75.167
 6840	    72.753
 6848	    83.737
 6856	    82.819
 6864	    80.501
 6872	    77.306
 6880	    74.323
 6888	    93.553
 6896	    76.575
 6904	    75.706
 6912	    73.852
 6920	    72.848
 6928	    66.995
 6936	    78.467
 6944	    74.239
 6952	    79.653
 6960	    66.503
 6968	    66.895
 6976	    65.865
 6984	    66.152
 6992	    65.061
 7000	    66.153
 7008	    65.974
 7016	    65.846
 7024	    65.147
 7032	    65.341
 7040	    64.867
 7048	    65.528
 7056	    66.003
 7064	    65.378
 7072	    66.904
 7080	    65.004
 7088	    64.686
 7096	    65.386
 7104	    65.167
 7112	    62.939
 7120	    56.529
 7128	    34.785
 7136	    38.845
 7144	    27.496
 7152	    52.212
 7160	    58.795
 7168	    60.084
 7176	    68.603
 7184	    66.928
 7192	    66.820
 7200	    69.740
 7208	    67.101
 7216	    69.011
 7224	    68.298
 7232	    67.282
 7240	    68.006
 7248	    69.485
 7256	    69.220
 7264	    68.861
 7272	    69.739
 7280	    69.205
 7288	    69.222
 7296	    69.747
 7304	    69.294
 7312	    69.862
 7320	    69.976
 7328	    69.323
 7336	    69.275
 7344	    71.976
 7352	    70.388
 7360	    69.602
 7368	    69.602
 7376	    71.481
 7384	    69.221
 7392	    69.536
 7400	    69.796
 7408	    70.385
 7416	    70.517
 7424	    70.998
 7432	    70.702
 7440	    70.750
 7448	    72.435
 7456	    71.506
 7464	    71.785
 7472	    71.730
 7480	    71.706
 7488	    71.276
 7496	    72.270
 7504	    72.355
 7512	    72.439
 7520	    70.035
 7528	    69.113
 7536	    68.019
 7544	    53.823
 7552	    35.974
 7560	    49.685
 7568	    35.721
 7576	    69.413
 7584	    71.331
 7592	    71.978
 7600	    73.081
 7608	    75.222
 7616	    72.884
 7624	    74.341
 7632	    73.425
 7640	    73.206
 7648	    75.364
 7656	    74.529
 7664	    75.174
 7672	    74.295
 7680	    73.740
 7688	    74.938
 7696	    72.306
 7704	    73.818
 7712	    74.777
 7720	    74.580
 7728	    75.290
 7736	    74.493
 7744	    74.698
 7752	    75.449
 7760	    74.341
 7768	    74.390
 7776	    74.506
 7784	    74.123
 7792	    76.135
 7800	    75.319
 7808	    76.158
 7816	    75.208
 7824	    75.279
 7832	    76.167
 7840	    77.906
 7848	    75.629
 7856	    75.851
 7864	    74.638
 7872	    75.704
 7880	    75.446
 7888	    77.358
 7896	    75.157
 7904	    74.362
 7912	    76.628
 7920	    75.149
 7928	    76.406
 7936	    75.203
 7944	    74.998
 7952	    77.141
 7960	    71.608
 7968	    40.630
 7976	    44.038
 7984	    62.909
 7992	    66.376
 8000	    73.830
 8008	    75.141
 8016	    82.367
 8024	    77.354
 8032	    75.108
 8040	    92.408
 8048	    75.687
 8056	    81.893
 8064	    83.500
 8072	    76.695
 8080	    74.749
 8088	    78.113
 8096	    78.722
 8104	    80.472
 8112	    84.984
 8120	   100.291
 8128	    77.341
 8136	    77.150
 8144	    77.988
 8152	    75.183
 8160	    77.363
 8168	    77.220
 8176	    78.162
 8184	    76.311
 8192	    75.983
 8200	    77.816
 8208	    77.902
 8216	    77.992
 8224	    77.996
 8232	    77.458
 8240	    79.148
 8248	    76.661
 8256	    79.495
 8264	    79.797
 8272	    77.754
 8280	    79.241
 8288	    77.666
 8296	    75.702
 8304	    79.878
 8312	    80.079
 8320	    77.977
 8328	    78.279
 8336	    78.599
 8344	    76.898
 8352	    80.081
 8360	    76.938
 8368	    76.213
 8376	    74.032
 8384	    46.672
 8392	    40.862
 8400	    50.557
 8408	    66.757
 8416	    65.354
 8424	    76.640
 8432	    79.115
 8440	    81.697
 8448	    79.702
 8456	    78.550
 8464	    77.888
 8472	    83.968
 8480	    79.479
 8488	    81.158
 8496	    81.744
 8504	    80.500
 8512	    80.854
 8520	    80.878
 8528	    81.060
 8536	    82.136
 8544	    79.937
 8552	    80.503
 8560	    80.765
 8568	    79.939
 8576	    81.659
 8584	    81.244
 8592	    82.814
 8600	    83.396
 8608	    82.030
 8616	    83.114
 8624	    81.399
 8632	    82.980
 8640	    81.839
 8648	    82.937
 8656	    82.147
 8664	    81.014
 8672	    80.073
 8680	    80.655
 8688	    81.731
 8696	    82.854
 8704	    82.326
 8712	    83.647
 8720	    81.378
 8728	    82.233
 8736	    84.441
 8744	    83.030
 8752	    81.910
 8760	    83.081
 8768	    83.137
 8776	    81.748
 8784	    83.996
 8792	    80.411
 8800	    74.847
 8808	    44.333
 8816	    52.363
 8824	    66.880
 8832	    79.531
 8840	    36.778
 8848	    82.641
 8856	    84.744
 8864	    85.349
 8872	    86.626
 8880	    83.247
 8888	    84.969
 8896	    85.185
 8904	    84.179
 8912	    85.641
 8920	    88.750
 8928	    87.241
 8936	    85.563
 8944	    85.500
 8952	    85.755
 8960	    89.532
 8968	    86.012
 8976	    88.330
 8984	    85.551
 8992	    89.061
 9000	    86.689
 9008	    90.272
 9016	    89.382
 9024	    83.933
 9032	    87.756
 9040	    89.846
 9048	    88.846
 9056	    89.124
 9064	    87.254
 9072	    90.440
 9080	    92.525
 9088	    87.221
 9096	    86.098
 9104	    87.939
 9112	    85.914
 9120	    91.581
 9128	    86.304
 9136	    87.346
 9144	    88.628
 9152	    89.704
 9160	    87.747
 9168	    89.737
 9176	    88.870
 9184	    88.643
 9192	    90.350
 9200	    88.984
 9208	    84.799
 9216	    99.322
 9224	    53.912
 9232	    44.882
 9240	    59.091
 9248	    75.656
 9256	    85.333
 9264	    52.969
 9272	    87.299
 9280	    91.445
 9288	    91.206
 9296	    92.226
 9304	    89.369
 9312	    87.778
 9320	    90.506
 9328	    90.011
 9336	    91.187
 9344	    91.666
 9352	    91.655
 9360	    88.916
 9368	    91.338
 9376	    91.191
 9384	    91.956
 9392	    92.559
 9400	    89.508
 9408	    91.335
 9416	    90.064
 9424	    93.035
 9432	    92.621
 9440	    94.525
 9448	    93.311
 9456	    91.470
 9464	    89.655
 9472	    91.524
 9480	    92.708
 9488	    91.951
 9496	    93.663
 9504	    91.921
 9512	    93.105
 9520	    94.026
 9528	    91.942
 9536	    93.435
 9544	    93.907
 9552	    91.189
 9560	    94.114
 9568	    96.935
 9576	    94.605
 9584	    94.649
 9592	    91.884
 9600	    90.820
 9608	    96.154
 9616	    90.431
 9624	    89.941
 9632	    90.329
 9640	    79.289
 9648	    47.860
 9656	    58.635
 9664	    64.102
 9672	    51.680
 9680	    90.845
 9688	    98.305
 9696	    95.006
 9704	    98.139
 9712	    95.243
 9720	    93.545
 9728	    95.125
 9736	    95.732
 9744	    93.708
 9752	    96.006
 9760	    94.670
 9768	    95.151
 9776	    97.653
 9784	    98.152
 9792	    98.053
 9800	    95.329
 9808	    96.630
 9816	    91.841
 9824	    97.652
 9832	    95.952
 9840	    97.862
 9848	    98.631
 9856	    95.154
 9864	    97.801
 9872	    95.819
 9880	    96.256
 9888	    97.988
 9896	    96.147
 9904	    97.579
 9912	    97.942
 9920	   100.700
 9928	    97.572
 9936	    97.609
 9944	    98.295
 9952	    97.711
 9960	    97.953
 9968	    98.477
 9976	    98.043
 9984	    96.700
 9992	   100.216
10000	    95.663
10008	   100.572
10016	    96.263
10024	    97.920
10032	    99.428
10040	    97.291
10048	    94.439
10056	    92.375
10064	    54.383
10072	    56.599
10080	    79.917
10088	    78.435
10096	    93.737
10104	    99.509
10112	   100.626
10120	   100.849
10128	   101.438
10136	    97.963
10144	   100.854
10152	    99.536
10160	   100.212
10168	   100.792
10176	   100.786
10184	   100.069
10192	   101.479
10200	   100.311
10208	   101.957
10216	   101.822
10224	    99.401
10232	   102.248
10240	   102.473
10248	   101.130
10256	   103.894
10264	   102.454
10272	   103.137
10280	   103.033
10288	   103.626
10296	   105.833
10304	   103.143
10312	   101.221
10320	   101.729
10328	   105.339
10336	   101.143
10344	   103.555
10352	   101.325
10360	   102.680
10368	    99.848
10376	    99.861
10384	   101.555
10392	   100.113
10400	   100.217
10408	   101.681
10416	   102.301
10424	   102.430
10432	   100.848
10440	   104.024
10448	   103.296
10456	   101.380
10464	    98.089
10472	    93.416
10480	    78.373
10488	    46.459
10496	    67.043
10504	    91.061
10512	    94.988
10520	    99.393
10528	   103.350
10536	   107.820
10544	   103.700
10552	   105.088
10560	   105.908
10568	   110.456
10576	   103.097
10584	   106.855
10592	   105.063
10600	   105.572
10608	   106.663
10616	   107.614
10624	   105.763
10632	   106.847
10640	   102.751
10648	   106.496
10656	   109.785
10664	   105.237
10672	   105.147
10680	   111.127
10688	   108.115
10696	   107.009
10704	   108.922
10712	   108.066
10720	   106.911
10728	   109.139
10736	   110.379
10744	   110.509
10752	   108.534
10760	   107.506
10768	   110.609
10776	   105.167
10784	   114.756
10792	   106.062
10800	   107.763
10808	   109.096
10816	   108.217
10824	   108.902
10832	   110.578
10840	   107.923
10848	   107.604
10856	   108.791
10864	   109.132
10872	   108.705
10880	   106.904
10888	   104.023
10896	    91.936
10904	    59.760
10912	    56.558
10920	    59.369
10928	   100.188
10936	   105.475
10944	   103.713
10952	   111.606
10960	   108.166
10968	   121.371
10976	   109.944
10984	   111.858
10992	   112.357
11000	   111.108
11008	   112.255
11016	   110.522
11024	   110.949
11032	   113.810
11040	   109.401
11048	   112.885
11056	   114.538
11064	   114.962
11072	   114.058
11080	   112.407
11088	   112.731
11096	   114.845
11104	   113.307
11112	   112.197
11120	   115.837
11128	   116.590
11136	   113.194
11144	   115.346
11152	   113.490
11160	   111.631
11168	   114.956
11176	   114.394
11184	   117.308
11192	   115.765
11200	   116.592
11208	   115.325
11216	   114.595
11224	   112.141
11232	   116.674
11240	   115.143
11248	   116.396
11256	   117.330
11264	   131.565
11272	   131.570
11280	   217.863
11288