1	0.00001
2	0.00000
3	0.00000
4	0.00000
5	0.00001
6	0.00001
7	0.00000
8	0.00001
9	0.00001
10	0.00001
11	0.00001
12	0.00001
13	0.00001
14	0.00001
15	0.00001
16	0.00001
17	0.00002
18	0.00001
19	0.00001
20	0.00001
21	0.00001
22	0.00001
23	0.00001
24	0.00002
25	0.00002
26	0.00002
27	0.00002
28	0.00002
29	0.00002
30	0.00002
31	0.00002
32	0.00003
33	0.00003
34	0.00003
35	0.00002
36	0.00002
37	0.00003
38	0.00002
39	0.00003
40	0.00003
41	0.00003
42	0.00003
43	0.00003
44	0.00003
45	0.00003
46	0.00003
47	0.00003
48	0.00005
49	0.00004
50	0.00004
51	0.00004
52	0.00004
53	0.00004
54	0.00004
55	0.00004
56	0.00005
57	0.00005
58	0.00005
59	0.00005
60	0.00005
61	0.00005
62	0.00005
63	0.00005
64	0.00006
65	0.00006
66	0.00005
67	0.00006
68	0.00005
69	0.00006
70	0.00005
71	0.00005
72	0.00006
73	0.00005
74	0.00005
75	0.00006
76	0.00005
77	0.00006
78	0.00006
79	0.00005
80	0.00007
81	0.00007
82	0.00007
83	0.00007
84	0.00007
85	0.00007
86	0.00007
87	0.00007
88	0.00007
89	0.00007
90	0.00007
91	0.00007
92	0.00007
93	0.00007
94	0.00007
95	0.00007
96	0.00009
97	0.00008
98	0.00010
99	0.00008
100	0.00009
101	0.00009
102	0.00008
103	0.00008
104	0.00008
105	0.00009
106	0.00008
107	0.00008
108	0.00010
109	0.00008
110	0.00009
111	0.00008
112	0.00013
113	0.00010
114	0.00010
115	0.00010
116	0.00010
117	0.00010
118	0.00010
119	0.00010
120	0.00010
121	0.00010
122	0.00010
123	0.00011
124	0.00010
125	0.00010
126	0.00010
127	0.00010
128	0.00017
129	0.00012
130	0.00012
131	0.00012
132	0.00012
133	0.00012
134	0.00012
135	0.00012
136	0.00013
137	0.00012
138	0.00014
139	0.00012
140	0.00012
141	0.00012
142	0.00012
143	0.00012
144	0.00015
145	0.00014
146	0.00014
147	0.00014
148	0.00015
149	0.00014
150	0.00014
151	0.00014
152	0.00014
153	0.00014
154	0.00014
155	0.00014
156	0.00014
157	0.00014
158	0.00014
159	0.00015
160	0.00017
161	0.00016
162	0.00016
163	0.00016
164	0.00016
165	0.00016
166	0.00016
167	0.00016
168	0.00016
169	0.00017
170	0.00016
171	0.00016
172	0.00016
173	0.00016
174	0.00016
175	0.00016
176	0.00019
177	0.00019
178	0.00019
179	0.00020
180	0.00019
181	0.00019
182	0.00019
183	0.00019
184	0.00019
185	0.00019
186	0.00019
187	0.00019
188	0.00019
189	0.00020
190	0.00019
191	0.00020
192	0.00022
193	0.00022
194	0.00021
195	0.00021
196	0.00022
197	0.00021
198	0.00021
199	0.00021
200	0.00021
201	0.00024
202	0.00021
203	0.00021
204	0.00023
205	0.00021
206	0.00021
207	0.00021
208	0.00024
209	0.00024
210	0.00024
211	0.00025
212	0.00024
213	0.00024
214	0.00025
215	0.00024
216	0.00024
217	0.00024
218	0.00025
219	0.00024
220	0.00024
221	0.00024
222	0.00024
223	0.00024
224	0.00028
225	0.00028
226	0.00027
227	0.00027
228	0.00027
229	0.00027
230	0.00027
231	0.00027
232	0.00028
233	0.00032
234	0.00027
235	0.00027
236	0.00027
237	0.00027
238	0.00028
239	0.00027
240	0.00031
241	0.00030
242	0.00031
243	0.00031
244	0.00032
245	0.00031
246	0.00030
247	0.00031
248	0.00031
249	0.00031
250	0.00031
251	0.00030
252	0.00030
253	0.00031
254	0.00031
255	0.00032
256	0.00034
257	0.00025
258	0.00025
259	0.00025
260	0.00025
261	0.00025
262	0.00026
263	0.00025
264	0.00026
265	0.00025
266	0.00025
267	0.00029
268	0.00025
269	0.00026
270	0.00025
271	0.00025
272	0.00025
273	0.00025
274	0.00025
275	0.00025
276	0.00026
277	0.00025
278	0.00025
279	0.00025
280	0.00025
281	0.00025
282	0.00025
283	0.00025
284	0.00025
285	0.00025
286	0.00025
287	0.00025
288	0.00030
289	0.00030
290	0.00029
291	0.00029
292	0.00029
293	0.00029
294	0.00029
295	0.00033
296	0.00030
297	0.00029
298	0.00029
299	0.00029
300	0.00031
301	0.00029
302	0.00030
303	0.00033
304	0.00029
305	0.00030
306	0.00029
307	0.00029
308	0.00029
309	0.00029
310	0.00029
311	0.00030
312	0.00029
313	0.00029
314	0.00029
315	0.00029
316	0.00029
317	0.00030
318	0.00029
319	0.00029
320	0.00036
321	0.00034
322	0.00034
323	0.00035
324	0.00034
325	0.00034
326	0.00034
327	0.00033
328	0.00035
329	0.00034
330	0.00034
331	0.00035
332	0.00034
333	0.00035
334	0.00038
335	0.00034
336	0.00034
337	0.00034
338	0.00034
339	0.00034
340	0.00034
341	0.00034
342	0.00035
343	0.00034
344	0.00035
345	0.00033
346	0.00034
347	0.00034
348	0.00034
349	0.00035
350	0.00034
351	0.00034
352	0.00039
353	0.00039
354	0.00040
355	0.00039
356	0.00039
357	0.00039
358	0.00039
359	0.00041
360	0.00039
361	0.00039
362	0.00041
363	0.00040
364	0.00039
365	0.00039
366	0.00038
367	0.00038
368	0.00040
369	0.00039
370	0.00038
371	0.00039
372	0.00039
373	0.00040
374	0.00039
375	0.00039
376	0.00040
377	0.00040
378	0.00039
379	0.00039
380	0.00039
381	0.00038
382	0.00040
383	0.00038
384	0.00045
385	0.00045
386	0.00045
387	0.00051
388	0.00045
389	0.00044
390	0.00045
391	0.00063
392	0.00070
393	0.00051
394	0.00044
395	0.00044
396	0.00045
397	0.00045
398	0.00045
399	0.00044
400	0.00045
401	0.00044
402	0.00046
403	0.00044
404	0.00044
405	0.00044
406	0.00047
407	0.00044
408	0.00044
409	0.00046
410	0.00045
411	0.00044
412	0.00044
413	0.00045
414	0.00045
415	0.00044
416	0.00050
417	0.00050
418	0.00051
419	0.00049
419	0.00050
420	0.00050
421	0.00051
422	0.00050
423	0.00050
424	0.00051
425	0.00050
426	0.00050
427	0.00051
428	0.00052
429	0.00053
430	0.00050
431	0.00050
432	0.00052
433	0.00050
434	0.00052
435	0.00051
436	0.00050
437	0.00050
438	0.00050
439	0.00051
440	0.00050
441	0.00049
442	0.00049
443	0.00051
444	0.00051
445	0.00050
446	0.00051
447	0.00051
448	0.00057
449	0.00077
450	0.00089
451	0.00085
452	0.00087
453	0.00085
454	0.00087
455	0.00085
456	0.00088
457	0.00085
458	0.00084
459	0.00085
460	0.00088
461	0.00088
462	0.00086
463	0.00087
464	0.00086
465	0.00086
466	0.00086
467	0.00084
468	0.00086
469	0.00088
470	0.00085
471	0.00086
472	0.00086
473	0.00091
474	0.00086
475	0.00085
476	0.00086
477	0.00082
478	0.00087
479	0.00085
480	0.00098
481	0.00096
482	0.00097
483	0.00096
484	0.00098
485	0.00099
486	0.00096
487	0.00096
488	0.00098
489	0.00096
490	0.00097
491	0.00096
492	0.00097
493	0.00095
494	0.00094
495	0.00096
496	0.00099
497	0.00095
498	0.00097
499	0.00095
500	0.00098
501	0.00097
502	0.00097
503	0.00093
504	0.00098
505	0.00096
506	0.00099
507	0.00098
508	0.00098
509	0.00096
510	0.00097
511	0.00093
512	0.00170
513	0.00107
514	0.00107
515	0.00108
516	0.00109
517	0.00105
518	0.00105
519	0.00107
520	0.00108
521	0.00106
522	0.00107
523	0.00107
524	0.00108
525	0.00106
526	0.00109
527	0.00107
528	0.00106
529	0.00107
530	0.00110
531	0.00108
532	0.00108
533	0.00103
534	0.00107
535	0.00107
536	0.00110
537	0.00106
538	0.00108
539	0.00107
540	0.00105
541	0.00107
542	0.00106
543	0.00108
544	0.00117
545	0.00118
546	0.00120
547	0.00114
548	0.00119
549	0.00117
550	0.00119
551	0.00118
552	0.00117
553	0.00119
554	0.00113
555	0.00122
556	0.00119
557	0.00118
558	0.00118
559	0.00117
560	0.00117
561	0.00116
562	0.00117
563	0.00118
564	0.00123
565	0.00118
566	0.00118
567	0.00117
568	0.00119
569	0.00117
570	0.00117
571	0.00118
572	0.00119
573	0.00119
574	0.00105
575	0.00079
576	0.00088
577	0.00085
578	0.00086
579	0.00085
580	0.00087
581	0.00084
582	0.00088
583	0.00086
584	0.00086
585	0.00087
586	0.00085
587	0.00085
588	0.00086
589	0.00085
590	0.00086
591	0.00084
592	0.00093
593	0.00087
594	0.00087
595	0.00084
596	0.00087
597	0.00087
598	0.00086
599	0.00086
600	0.00087
601	0.00086
602	0.00087
603	0.00085
604	0.00087
605	0.00086
606	0.00086
607	0.00085
608	0.00095
609	0.00098
610	0.00095
611	0.00096
612	0.00106
613	0.00095
614	0.00097
615	0.00094
616	0.00095
617	0.00094
618	0.00094
619	0.00095
620	0.00098
621	0.00096
622	0.00095
623	0.00094
624	0.00098
625	0.00094
626	0.00095
627	0.00094
628	0.00095
629	0.00093
630	0.00095
631	0.00096
632	0.00097
633	0.00094
634	0.00094
635	0.00094
636	0.00095
637	0.00094
638	0.00095
639	0.00094
640	0.00106
641	0.00104
642	0.00104
643	0.00105
644	0.00103
645	0.00102
646	0.00103
647	0.00103
648	0.00105
649	0.00102
650	0.00102
651	0.00103
652	0.00105
653	0.00104
654	0.00107
655	0.00109
656	0.00103
657	0.00102
658	0.00104
659	0.00102
660	0.00103
661	0.00102
662	0.00105
663	0.00104
664	0.00105
665	0.00102
666	0.00103
667	0.00102
668	0.00104
669	0.00103
670	0.00102
671	0.00103
672	0.00115
673	0.00111
674	0.00111
675	0.00111
676	0.00112
677	0.00114
678	0.00112
679	0.00111
680	0.00113
681	0.00114
682	0.00112
683	0.00110
684	0.00113
685	0.00111
686	0.00112
687	0.00112
688	0.00111
689	0.00112
690	0.00114
691	0.00112
692	0.00112
693	0.00109
694	0.00115
695	0.00112
696	0.00112
697	0.00111
698	0.00110
699	0.00112
700	0.00112
701	0.00111
702	0.00112
703	0.00110
704	0.00127
705	0.00121
706	0.00119
707	0.00121
708	0.00122
709	0.00121
710	0.00120
711	0.00120
712	0.00120
713	0.00120
714	0.00121
715	0.00121
716	0.00126
717	0.00120
718	0.00125
719	0.00119
720	0.00124
721	0.00121
722	0.00119
723	0.00121
724	0.00121
725	0.00118
726	0.00122
727	0.00120
728	0.00132
729	0.00122
730	0.00122
731	0.00119
732	0.00121
733	0.00120
734	0.00120
735	0.00121
736	0.00133
737	0.00129
738	0.00130
739	0.00129
740	0.00132
741	0.00130
742	0.00131
743	0.00132
744	0.00132
745	0.00130
746	0.00129
747	0.00130
748	0.00131
749	0.00128
750	0.00130
751	0.00131
752	0.00133
753	0.00129
754	0.00130
755	0.00129
756	0.00131
757	0.00130
758	0.00129
759	0.00130
760	0.00133
761	0.00130
762	0.00132
763	0.00179
764	0.00196
765	0.00197
766	0.00193
767	0.00196
768	0.00212
769	0.00209
770	0.00206
771	0.00144
772	0.00144
773	0.00140
774	0.00140
775	0.00140
776	0.00141
777	0.00139
778	0.00140
779	0.00140
780	0.00141
781	0.00143
782	0.00143
783	0.00141
784	0.00140
785	0.00139
786	0.00141
787	0.00143
788	0.00141
789	0.00139
790	0.00141
791	0.00140
792	0.00208
793	0.00211
794	0.00211
795	0.00210
796	0.00212
797	0.00210
798	0.00208
799	0.00214
800	0.00227
801	0.00224
802	0.00224
803	0.00232
804	0.00230
805	0.00221
806	0.00225
807	0.00226
808	0.00228
809	0.00220
810	0.00225
811	0.00225
812	0.00225
813	0.00229
814	0.00225
815	0.00225
816	0.00222
817	0.00180
818	0.00158
819	0.00151
820	0.00152
821	0.00150
822	0.00151
823	0.00151
824	0.00152
825	0.00155
826	0.00149
827	0.00156
828	0.00150
829	0.00152
830	0.00152
831	0.00151
832	0.00163
833	0.00162
834	0.00162
835	0.00162
836	0.00164
837	0.00162
838	0.00162
838	0.00164
839	0.00161
840	0.00162
841	0.00163
842	0.00161
843	0.00162
844	0.00168
845	0.00164
846	0.00161
847	0.00161
848	0.00161
849	0.00161
850	0.00165
851	0.00166
852	0.00161
853	0.00163
854	0.00163
855	0.00161
856	0.00162
857	0.00163
858	0.00166
859	0.00160
860	0.00163
861	0.00162
862	0.00162
863	0.00165
864	0.00178
865	0.00171
866	0.00171
867	0.00173
868	0.00173
869	0.00175
870	0.00180
871	0.00172
872	0.00179
873	0.00172
874	0.00172
875	0.00172
876	0.00178
877	0.00173
878	0.00173
879	0.00172
880	0.00180
881	0.00174
882	0.00171
883	0.00175
884	0.00175
885	0.00173
886	0.00172
887	0.00172
888	0.00174
889	0.00180
890	0.00172
891	0.00172
892	0.00174
893	0.00172
894	0.00173
895	0.00176
896	0.00186
897	0.00185
898	0.00185
899	0.00184
900	0.00186
901	0.00187
902	0.00184
903	0.00184
904	0.00186
905	0.00183
906	0.00186
907	0.00185
908	0.00183
909	0.00183
910	0.00185
911	0.00183
912	0.00239
913	0.00274
914	0.00273
915	0.00275
916	0.00278
917	0.00274
918	0.00275
919	0.00275
920	0.00276
921	0.00275
922	0.00275
923	0.00280
924	0.00277
925	0.00277
926	0.00274
927	0.00275
928	0.00299
929	0.00198
930	0.00195
931	0.00194
932	0.00197
933	0.00198
934	0.00196
935	0.00205
936	0.00197
937	0.00195
938	0.00199
939	0.00196
940	0.00197
941	0.00197
942	0.00196
943	0.00205
944	0.00201
945	0.00197
946	0.00206
947	0.00196
948	0.00197
949	0.00201
950	0.00196
951	0.00200
952	0.00199
953	0.00200
954	0.00206
955	0.00203
956	0.00196
957	0.00196
958	0.00197
959	0.00196
960	0.00211
961	0.00210
962	0.00219
963	0.00209
964	0.00212
965	0.00211
966	0.00209
967	0.00210
968	0.00216
969	0.00218
970	0.00227
971	0.00213
972	0.00211
973	0.00209
974	0.00209
975	0.00211
976	0.00218
977	0.00212
978	0.00208
979	0.00208
980	0.00212
981	0.00209
982	0.00209
983	0.00210
984	0.00213
985	0.00213
986	0.00210
987	0.00208
988	0.00209
989	0.00208
990	0.00209
991	0.00211
992	0.00230
993	0.00224
994	0.00221
995	0.00228
996	0.00222
997	0.00223
998	0.00222
1018	0.00223
1038	0.00163
1058	0.00161
1079	0.00162
1100	0.00178
1122	0.00180
1144	0.00182
1166	0.00201
1189	0.00192
1212	0.00194
1236	0.00211
1259	0.00214
1284	0.00228
1309	0.00227
1335	0.00227
1361	0.00248
1388	0.00249
1415	0.00245
1443	0.00246
1471	0.00244
1500	0.00287
1530	0.00288
1560	0.00303
1591	0.00305
1622	0.00325
1654	0.00328
1686	0.00297
1719	0.00309
1753	0.00376
1788	0.00377
1823	0.00400
1859	0.00424
1896	0.00428
1934	0.00358
1972	0.00365
2011	0.00471
2051	0.00501
2092	0.00500
2132	0.00528
2174	0.00528
2217	0.00423
2261	0.00589
2306	0.00618
2352	0.00623
2399	0.00648
2447	0.00496
2496	0.00716
2545	0.00713
2596	0.00762
2648	0.00760
2701	0.00750
2755	0.00751
2810	0.00756
2866	0.00750
2923	0.00755
2980	0.00755
3039	0.00753
3099	0.00749
3161	0.00750
3224	0.00756
3288	0.00766
3352	0.00753
3419	0.00755
3487	0.00752
3556	0.00758
3627	0.00753
3699	0.00769
3772	0.00766
3847	0.00754
3924	0.00758
4002	0.00757
4082	0.01717
4163	0.01613
4245	0.01605
4330	0.01610
4416	0.01611
4504	0.01610
4594	0.01108
4685	0.01039
4778	0.01086
4873	0.01403
4970	0.01395
5068	0.01384
5169	0.01376
5272	0.01386
5377	0.01378
5483	0.01400
5592	0.01385
5704	0.01439
5818	0.01379
5933	0.01768
6051	0.01765
6172	0.01781
6294	0.01798
6420	0.01799
6548	0.01804
6679	0.01809
6811	0.01765
6947	0.01606
7086	0.01893
7227	0.02329
7371	0.01600
7518	0.01624
7667	0.01622
7820	0.01620
7975	0.01901
8134	0.01892
8297	0.02971
8462	0.01877
8631	0.01883
8803	0.01906
8979	0.02326
9159	0.02259
9341	0.02204
9528	0.02225
9718	0.02194
9912	0.02243
10109	0.03889
10311	0.02516
10516	0.02578
10726	0.02527
10940	0.03505
11159	0.03188
11381	0.02877
11609	0.04420
11840	0.02937
12077	0.03721
12318	0.03933
12563	0.03263
12814	0.03290
13069	0.03661
13331	0.03710
13597	0.03706
13868	0.03757
14146	0.04123
14428	0.04127
14716	0.05522
15011	0.04127
15310	0.04594
15615	0.04593
15927	0.04623
16246	0.04674
16570	0.05261
16901	0.07448
17238	0.04101
17582	0.04117
17934	0.04427
18292	0.06549
18657	0.06730
19030	0.06426
19410	0.04857
19798	0.05744
20193	0.07242
20596	0.07993
21007	0.08033
21427	0.06255
21855	0.06011
22292	0.09004
22737	0.08895
23191	0.09691
23654	0.08022
24127	0.06711
24609	0.10561
25101	0.10309
25602	0.07307
26114	0.07852
26636	0.11925
27168	0.14100
27710	0.08226
28264	0.08167
28829	0.15045
29404	0.14038
29992	0.10292
30591	0.15902
31203	0.16182
31826	0.11552
32463	0.10410
33111	0.16783
33773	0.12906
34448	0.12067
35137	0.19603
35839	0.13871
36555	0.12663
37285	0.21395
38031	0.12926
38791	0.22048
39566	0.25923
40357	0.13964
41164	0.24838
41987	0.15213
42826	0.27290
43682	0.28412
44555	0.17471
45446	0.32412
46355	0.17750
47282	0.32716
48226	0.20109
49190	0.36663
50174	0.20536
51176	0.39311
52199	0.25342
53242	0.40821
54307	0.23492
55392	0.47428
56500	0.26221
57629	0.50257
58781	0.27265
59956	0.50296
61154	0.32176
62377	0.31128
63624	0.59119
64896	0.21865
66194	0.24195
67518	0.24351
68868	0.24797
70245	0.26672
71649	0.27476
73082	0.26036
74543	0.29567
76034	0.33282
77554	0.30622
79105	0.32378
80686	0.31720
82299	0.39755
83944	0.38575
85622	0.36710
87334	0.38105
89080	0.40730
90860	0.46948
92677	0.44060
94530	0.46670
96420	0.44353
98349	0.58315
100315	0.45972
102321	0.53532
104367	0.52819
106454	0.52786
108583	0.73371
110754	0.60209
112969	0.63410
115227	0.62174
117532	0.72512
119882	0.65909
122279	0.64122
124725	0.75418
127219	0.50064
129762	0.57262
132357	0.81247
135004	0.54737
137703	0.54356
140457	0.86122
143265	0.63582
146130	0.63573
149052	0.94474
152033	0.62664
155073	0.64072
158174	1.08876
161337	0.71627
164563	1.18952
167854	0.85158
171211	0.75663
174635	1.35952
178128	0.92853
181690	1.36284
185324	0.94265
189030	1.44998
192810	0.97864
196666	1.79683
