./main.o

    1	     0.001
    2	     0.002
    3	     0.002
    4	     0.002
    5	     0.002
    6	     0.004
    7	     0.005
    8	     0.003
    9	     0.004
   10	     0.005
   11	     0.006
   12	     0.007
   13	     0.007
   14	     0.008
   15	     0.012
   16	     0.009
   17	     0.005
   18	     0.010
   19	     0.011
   20	     0.012
   21	     0.011
   22	     0.013
   23	     0.016
   24	     0.017
   25	     0.016
   26	     0.013
   27	     0.016
   28	     0.025
   29	     0.028
   30	     0.016
   31	     0.028
   32	     0.031
   33	     0.032
   34	     0.032
   35	     0.023
   36	     0.029
   37	     0.030
   38	     0.031
   39	     0.033
   40	     0.030
   41	     0.039
   42	     0.039
   43	     0.029
   44	     0.037
   45	     0.043
   46	     0.034
   47	     0.036
   48	     0.041
   49	     0.047
   50	     0.044
   51	     0.036
   52	     0.035
   53	     0.044
   54	     0.036
   55	     0.041
   56	     0.046
   57	     0.054
   58	     0.055
   59	     0.040
   60	     0.057
   61	     0.056
   62	     0.041
   63	     0.047
   64	     0.057
   65	     0.061
   66	     0.058
   67	     0.055
   68	     0.063
   69	     0.065
   70	     0.044
   71	     0.047
   72	     0.050
   73	     0.062
   74	     0.048
   75	     0.054
   76	     0.058
   77	     0.074
   78	     0.059
   79	     0.051
   80	     0.074
   81	     0.064
   82	     0.061
   83	     0.076
   84	     0.054
   85	     0.056
   86	     0.059
   87	     0.056
   88	     0.072
   89	     0.057
   90	     0.085
   91	     0.077
   92	     0.073
   93	     0.077
   94	     0.083
   95	     0.070
   96	     0.074
   97	     0.079
   98	     0.081
   99	     0.078
  100	     0.075
  101	     0.085
  102	     0.081
  103	     0.083
  104	     0.085
  105	     0.091
  106	     0.088
  107	     0.095
  108	     0.092
  109	     0.077
  110	     0.089
  111	     0.089
  112	     0.094
  113	     0.093
  114	     0.093
  115	     0.088
  116	     0.097
  117	     0.088
  118	     0.091
  119	     0.107
  120	     0.095
  121	     0.081
  122	     0.099
  123	     0.093
  124	     0.100
  125	     0.100
  126	     0.103
  127	     0.106
  128	     0.093
  129	     0.105
  130	     0.095
  131	     0.108
  132	     0.113
  133	     0.087
  134	     0.099
  135	     0.102
  136	     0.093
  137	     0.096
  138	     0.125
  139	     0.105
  140	     0.100
  141	     0.092
  142	     0.115
  143	     0.106
  144	     0.094
  145	     0.111
  146	     0.109
  147	     0.128
  148	     0.093
  149	     0.121
  150	     0.135
  151	     0.118
  152	     0.110
  153	     0.132
  154	     0.133
  155	     0.125
  156	     0.108
  157	     0.128
  158	     0.140
  159	     0.127
  160	     0.145
  161	     0.126
  162	     0.138
  163	     0.113
  164	     0.127
  165	     0.129
  166	     0.106
  167	     0.139
  168	     0.131
  169	     0.125
  170	     0.132
  171	     0.111
  172	     0.148
  173	     0.130
  174	     0.135
  175	     0.126
  176	     0.147
  177	     0.135
  178	     0.111
  179	     0.115
  180	     0.133
  181	     0.133
  182	     0.133
  183	     0.131
  184	     0.119
  185	     0.115
  186	     0.148
  187	     0.136
  188	     0.149
  189	     0.118
  190	     0.119
  191	     0.162
  192	     0.157
  193	     0.129
  194	     0.134
  195	     0.135
  196	     0.145
  197	     0.131
  198	     0.165
  199	     0.132
  200	     0.156
  201	     0.151
  202	     0.133
  203	     0.178
  204	     0.155
  205	     0.159
  206	     0.139
  207	     0.137
  208	     0.140
  209	     0.178
  210	     0.176
  211	     0.142
  212	     0.173
  213	     0.163
  214	     0.187
  215	     0.160
  216	     0.132
  217	     0.170
  218	     0.160
  219	     0.166
  220	     0.181
  221	     0.156
  222	     0.165
  223	     0.174
  224	     0.147
  225	     0.148
  226	     0.151
  227	     0.148
  228	     0.193
  229	     0.189
  230	     0.141
  231	     0.177
  232	     0.142
  233	     0.148
  234	     0.163
  235	     0.194
  236	     0.181
  237	     0.194
  238	     0.196
  239	     0.211
  240	     0.161
  241	     0.185
  242	     0.190
  243	     0.187
  244	     0.179
  245	     0.203
  246	     0.205
  247	     0.171
  248	     0.193
  249	     0.190
  250	     0.155
  251	     0.202
  252	     0.222
  253	     0.204
  254	     0.176
  255	     0.200
  256	     0.184
  257	     0.179
  258	     0.183
  259	     0.213
  260	     0.186
  261	     0.209
  262	     0.183
  263	     0.177
  264	     0.204
  265	     0.201
  266	     0.176
  267	     0.203
  268	     0.205
  269	     0.189
  270	     0.193
  271	     0.192
  272	     0.207
  273	     0.189
  274	     0.173
  275	     0.200
  276	     0.178
  277	     0.200
  278	     0.195
  279	     0.224
  280	     0.183
  281	     0.193
  282	     0.208
  283	     0.221
  284	     0.197
  285	     0.214
  286	     0.229
  287	     0.216
  288	     0.212
  289	     0.231
  290	     0.191
  291	     0.235
  292	     0.201
  293	     0.190
  294	     0.222
  295	     0.220
  296	     0.217
  297	     0.191
  298	     0.196
  299	     0.233
  300	     0.228
  301	     0.219
  302	     0.231
  303	     0.212
  304	     0.233
  305	     0.221
  306	     0.222
  307	     0.249
  308	     0.249
  309	     0.253
  310	     0.198
  311	     0.220
  312	     0.228
  313	     0.199
  314	     0.203
  315	     0.247
  316	     0.260
  317	     0.220
  318	     0.239
  319	     0.264
  320	     0.243
  321	     0.211
  322	     0.218
  323	     0.244
  324	     0.241
  325	     0.234
  326	     0.237
  327	     0.243
  328	     0.217
  329	     0.233
  330	     0.221
  331	     0.228
  332	     0.227
  333	     0.230
  334	     0.247
  335	     0.233
  336	     0.244
  337	     0.274
  338	     0.202
  339	     0.255
  340	     0.271
  341	     0.256
  342	     0.227
  343	     0.295
  344	     0.228
  345	     0.243
  346	     0.243
  347	     0.282
  348	     0.240
  349	     0.263
  350	     0.246
  351	     0.250
  352	     0.230
  353	     0.268
  354	     0.252
  355	     0.292
  356	     0.232
  357	     0.302
  358	     0.222
  359	     0.266
  360	     0.276
  361	     0.270
  362	     0.282
  363	     0.260
  364	     0.277
  365	     0.251
  366	     0.235
  367	     0.289
  368	     0.259
  369	     0.251
  370	     0.291
  371	     0.227
  372	     0.255
  373	     0.264
  374	     0.298
  375	     0.322
  376	     0.289
  377	     0.297
  378	     0.271
  379	     0.286
  380	     0.253
  381	     0.255
  382	     0.291
  383	     0.256
  384	     0.292
  385	     0.281
  386	     0.269
  387	     0.314
  388	     0.286
  389	     0.280
  390	     0.320
  391	     0.271
  392	     0.303
  393	     0.272
  394	     0.300
  395	     0.293
  396	     0.306
  397	     0.298
  398	     0.270
  399	     0.274
  400	     0.248
  401	     0.293
  402	     0.278
  403	     0.251
  404	     0.238
  405	     0.243
  406	     0.298
  407	     0.246
  408	     0.225
  409	     0.256
  410	     0.276
  411	     0.213
  412	     0.183
  413	     0.168
  414	     0.164
  415	     0.154
  416	     0.167
  417	     0.151
  418	     0.150
  419	     0.122
  420	     0.142
  421	     0.111
  422	     0.166
  423	     0.154
  424	     0.194
  425	     0.202
  426	     0.185
  427	     0.200
  428	     0.198
  429	     0.218
  430	     0.224
  431	     0.207
  432	     0.111
  433	     0.256
  434	     0.225
  435	     0.268
  436	     0.213
  437	     0.305
  438	     0.301
  439	     0.319
  440	     0.264
  441	     0.309
  442	     0.275
  443	     0.321
  444	     0.293
  445	     0.281
  446	     0.332
  447	     0.303
  448	     0.275
  449	     0.331
  450	     0.319
  451	     0.268
  452	     0.330
  453	     0.349
  454	     0.312
  455	     0.300
  456	     0.322
  457	     0.317
  458	     0.305
  459	     0.286
  460	     0.323
  461	     0.325
  462	     0.318
  463	     0.355
  464	     0.303
  465	     0.323
  466	     0.333
  467	     0.296
  468	     0.284
  469	     0.337
  470	     0.285
  471	     0.312
  472	     0.341
  473	     0.289
  474	     0.351
  475	     0.343
  476	     0.327
  477	     0.350
  478	     0.365
  479	     0.292
  480	     0.364
  481	     0.337
  482	     0.319
  483	     0.341
  484	     0.384
  485	     0.361
  486	     0.334
  487	     0.349
  488	     0.345
  489	     0.390
  490	     0.295
  491	     0.341
  492	     0.332
  493	     0.395
  494	     0.312
  495	     0.359
  496	     0.343
  497	     0.352
  498	     0.331
  499	     0.360
  500	     0.380
  501	     0.378
  502	     0.377
  503	     0.361
  504	     0.347
  505	     0.368
  506	     0.357
  507	     0.384
  508	     0.379
  509	     0.393
  510	     0.324
  511	     0.409
  512	     0.356
  513	     0.409
  514	     0.402
  515	     0.344
  516	     0.346
  517	     0.372
  518	     0.387
  519	     0.410
  520	     0.409
  521	     0.388
  522	     0.337
  523	     0.354
  524	     0.356
  525	     0.357
  526	     0.352
  527	     0.386
  528	     0.393
  529	     0.387
  530	     0.408
  531	     0.378
  532	     0.376
  533	     0.402
  534	     0.361
  535	     0.356
  536	     0.405
  537	     0.423
  538	     0.387
  539	     0.366
  540	     0.396
  541	     0.343
  542	     0.371
  543	     0.404
  544	     0.370
  545	     0.431
  546	     0.417
  547	     0.376
  548	     0.397
  549	     0.354
  550	     0.413
  551	     0.400
  552	     0.359
  553	     0.359
  554	     0.369
  555	     0.387
  556	     0.391
  557	     0.453
  558	     0.390
  559	     0.381
  560	     0.436
  561	     0.402
  562	     0.397
  563	     0.364
  564	     0.389
  565	     0.363
  566	     0.354
  567	     0.400
  568	     0.438
  569	     0.392
  570	     0.416
  571	     0.382
  572	     0.402
  573	     0.415
  574	     0.365
  575	     0.364
  576	     0.420
  577	     0.403
  578	     0.354
  579	     0.337
  580	     0.371
  581	     0.367
  582	     0.425
  583	     0.404
  584	     0.399
  585	     0.466
  586	     0.388
  587	     0.394
  588	     0.439
  589	     0.371
  590	     0.415
  591	     0.395
  592	     0.436
  593	     0.484
  594	     0.401
  595	     0.367
  596	     0.357
  597	     0.385
  598	     0.457
  599	     0.416
  600	     0.444
  601	     0.413
  602	     0.422
  603	     0.453
  604	     0.382
  605	     0.388
  606	     0.470
  607	     0.455
  608	     0.463
  609	     0.466
  610	     0.454
  611	     0.420
  612	     0.430
  613	     0.419
  614	     0.403
  615	     0.404
  616	     0.482
  617	     0.477
  618	     0.414
  619	     0.418
  620	     0.410
  621	     0.508
  622	     0.452
  623	     0.431
  624	     0.429
  625	     0.459
  626	     0.396
  627	     0.437
  628	     0.411
  629	     0.417
  630	     0.411
  631	     0.512
  632	     0.501
  633	     0.455
  634	     0.379
  635	     0.426
  636	     0.494
  637	     0.410
  638	     0.418
  639	     0.475
  640	     0.500
  641	     0.464
  642	     0.413
  643	     0.419
  644	     0.433
  645	     0.431
  646	     0.402
  647	     0.428
  648	     0.460
  649	     0.477
  650	     0.423
  651	     0.392
  652	     0.471
  653	     0.509
  654	     0.429
  655	     0.419
  656	     0.443
  657	     0.497
  658	     0.429
  659	     0.434
  660	     0.497
  661	     0.475
  662	     0.475
  663	     0.419
  664	     0.401
  665	     0.453
  666	     0.450
  667	     0.454
  668	     0.452
  669	     0.501
  670	     0.507
  671	     0.497
  672	     0.478
  673	     0.437
  674	     0.417
  675	     0.488
  676	     0.465
  677	     0.469
  678	     0.484
  679	     0.426
  680	     0.507
  681	     0.484
  682	     0.467
  683	     0.424
  684	     0.457
  685	     0.494
  686	     0.503
  687	     0.489
  688	     0.456
  689	     0.472
  690	     0.509
  691	     0.470
  692	     0.481
  693	     0.488
  694	     0.473
  695	     0.484
  696	     0.481
  697	     0.452
  698	     0.501
  699	     0.548
  700	     0.435
  701	     0.499
  702	     0.477
  703	     0.441
  704	     0.472
  705	     0.518
  706	     0.509
  707	     0.499
  708	     0.496
  709	     0.519
  710	     0.478
  711	     0.454
  712	     0.464
  713	     0.530
  714	     0.525
  715	     0.482
  716	     0.523
  717	     0.534
  718	     0.486
  719	     0.501
  720	     0.510
  721	     0.462
  722	     0.427
  723	     0.431
  724	     0.489
  725	     0.466
  726	     0.534
  727	     0.485
  728	     0.574
  729	     0.494
  730	     0.450
  731	     0.506
  732	     0.512
  733	     0.499
  734	     0.539
  735	     0.520
  736	     0.461
  737	     0.502
  738	     0.465
  739	     0.548
  740	     0.543
  741	     0.494
  742	     0.513
  743	     0.468
  744	     0.504
  745	     0.509
  746	     0.516
  747	     0.486
  748	     0.475
  749	     0.474
  750	     0.514
  751	     0.525
  752	     0.500
  753	     0.470
  754	     0.524
  755	     0.466
  756	     0.525
  757	     0.538
  758	     0.521
  759	     0.483
  760	     0.504
  761	     0.531
  762	     0.507
  763	     0.477
  764	     0.545
  765	     0.522
  766	     0.488
  767	     0.560
  768	     0.539
  769	     0.508
  770	     0.510
  771	     0.555
  772	     0.535
  773	     0.543
  774	     0.565
  775	     0.458
  776	     0.518
  777	     0.569
  778	     0.541
  779	     0.560
  780	     0.565
  781	     0.522
  782	     0.553
  783	     0.465
  784	     0.526
  785	     0.513
  786	     0.542
  787	     0.522
  788	     0.519
  789	     0.564
  790	     0.551
  791	     0.603
  792	     0.505
  793	     0.507
  794	     0.608
  795	     0.507
  796	     0.523
  797	     0.519
  798	     0.555
  799	     0.474
  800	     0.488
  801	     0.583
  802	     0.571
  803	     0.505
  804	     0.559
  805	     0.524
  806	     0.547
  807	     0.468
  808	     0.529
  809	     0.559
  810	     0.534
  811	     0.499
  812	     0.527
  813	     0.548
  814	     0.502
  815	     0.507
  816	     0.558
  817	     0.554
  818	     0.491
  819	     0.552
  820	     0.596
  821	     0.522
  822	     0.553
  823	     0.544
  824	     0.529
  825	     0.597
  826	     0.424
  827	     0.512
  828	     0.494
  829	     0.497
  830	     0.457
  831	     0.382
  832	     0.388
  833	     0.315
  834	     0.317
  835	     0.273
  836	     0.283
  837	     0.245
  838	     0.240
  839	     0.244
  840	     0.235
  841	     0.325
  842	     0.331
  843	     0.289
  844	     0.304
  845	     0.380
  846	     0.352
  847	     0.367
  848	     0.423
  849	     0.471
  850	     0.483
  851	     0.411
  852	     0.531
  853	     0.531
  854	     0.373
  855	     0.397
  856	     0.428
  857	     0.492
  858	     0.443
  859	     0.557
  860	     0.514
  861	     0.605
  862	     0.421
  863	     0.525
  864	     0.231
  865	     0.613
  866	     0.618
  867	     0.562
  868	     0.637
  869	     0.587
  870	     0.669
  871	     0.580
  872	     0.422
  873	     0.613
  874	     0.588
  875	     0.650
  876	     0.582
  877	     0.600
  878	     0.655
  879	     0.632
  880	     0.551
  881	     0.611
  882	     0.560
  883	     0.598
  884	     0.615
  885	     0.630
  886	     0.603
  887	     0.636
  888	     0.603
  889	     0.612
  890	     0.726
  891	     0.680
  892	     0.645
  893	     0.607
  894	     0.620
  895	     0.657
  896	     0.631
  897	     0.647
  898	     0.691
  899	     0.637
  900	     0.616
  901	     0.601
  902	     0.645
  903	     0.572
  904	     0.598
  905	     0.669
  906	     0.669
  907	     0.617
  908	     0.634
  909	     0.634
  910	     0.621
  911	     0.698
  912	     0.662
  913	     0.682
  914	     0.635
  915	     0.650
  916	     0.616
  917	     0.600
  918	     0.619
  919	     0.626
  920	     0.541
  921	     0.671
  922	     0.611
  923	     0.617
  924	     0.626
  925	     0.610
  926	     0.702
  927	     0.646
  928	     0.710
  929	     0.648
  930	     0.707
  931	     0.632
  932	     0.636
  933	     0.676
  934	     0.594
  935	     0.660
  936	     0.605
  937	     0.644
  938	     0.673
  939	     0.655
  940	     0.642
  941	     0.665
  942	     0.591
  943	     0.642
  944	     0.662
  945	     0.693
  946	     0.672
  947	     0.622
  948	     0.676
  949	     0.630
  950	     0.688
  951	     0.701
  952	     0.657
  953	     0.656
  954	     0.670
  955	     0.647
  956	     0.648
  957	     0.709
  958	     0.617
  959	     0.616
  960	     0.661
  961	     0.692
  962	     0.633
  963	     0.743
  964	     0.605
  965	     0.736
  966	     0.669
  967	     0.681
  968	     0.707
  969	     0.654
  970	     0.659
  971	     0.671
  972	     0.635
  973	     0.682
  974	     0.737
  975	     0.688
  976	     0.719
  977	     0.693
  978	     0.719
  979	     0.687
  980	     0.631
  981	     0.604
  982	     0.677
  983	     0.724
  984	     0.669
  985	     0.749
  986	     0.696
  987	     0.703
  988	     0.666
  989	     0.743
  990	     0.683
  991	     0.727
  992	     0.674
  993	     0.675
  994	     0.642
  995	     0.670
  996	     0.680
  997	     0.780
  998	     0.651
  999	     0.710
 1000	     0.724
 1001	     0.730
 1002	     0.677
 1003	     0.662
 1004	     0.646
 1005	     0.735
 1006	     0.705
 1007	     0.738
 1008	     0.709
 1009	     0.661
 1010	     0.675
 1011	     0.663
 1012	     0.689
 1013	     0.684
 1014	     0.724
 1015	     0.731
 1016	     0.642
 1017	     0.762
 1018	     0.729
 1019	     0.684
 1020	     0.667
 1021	     0.761
 1022	     0.740
 1023	     0.669
 1024	     0.676
 1025	     0.753
 1026	     0.642
 1027	     0.677
 1028	     0.659
 1029	     0.623
 1030	     0.675
 1031	     0.662
 1032	     0.781
 1033	     0.734
 1034	     0.691
 1035	     0.727
 1036	     0.651
 1037	     0.685
 1038	     0.684
 1039	     0.802
 1040	     0.686
 1041	     0.720
 1042	     0.749
 1043	     0.792
 1044	     0.686
 1045	     0.709
 1046	     0.725
 1047	     0.782
 1048	     0.715
 1049	     0.651
 1050	     0.665
 1051	     0.704
 1052	     0.644
 1053	     0.690
 1054	     0.656
 1055	     0.729
 1056	     0.689
 1057	     0.676
 1058	     0.708
 1059	     0.703
 1060	     0.758
 1061	     0.758
 1062	     0.756
 1063	     0.803
 1064	     0.725
 1065	     0.796
 1066	     0.741
 1067	     0.692
 1068	     0.730
 1069	     0.749
 1070	     0.730
 1071	     0.800
 1072	     0.679
 1073	     0.851
 1074	     0.706
 1075	     0.731
 1076	     0.712
 1077	     0.756
 1078	     0.755
 1079	     0.726
 1080	     0.692
 1081	     0.766
 1082	     0.708
 1083	     0.725
 1084	     0.711
 1085	     0.726
 1086	     0.751
 1087	     0.758
 1088	     0.695
 1089	     0.831
 1090	     0.697
 1091	     0.741
 1092	     0.699
 1093	     0.707
 1094	     0.685
 1095	     0.720
 1096	     0.756
 1097	     0.794
 1098	     0.729
 1099	     0.719
 1100	     0.716
 1101	     0.686
 1102	     0.721
 1103	     0.748
 1104	     0.678
 1105	     0.693
 1106	     0.823
 1107	     0.702
 1108	     0.767
 1109	     0.687
 1110	     0.737
 1111	     0.814
 1112	     0.674
 1113	     0.718
 1114	     0.804
 1115	     0.757
 1116	     0.783
 1117	     0.699
 1118	     0.732
 1119	     0.702
 1120	     0.725
 1121	     0.816
 1122	     0.732
 1123	     0.743
 1124	     0.735
 1125	     0.708
 1126	     0.758
 1127	     0.758
 1128	     0.786
 1129	     0.700
 1130	     0.738
 1131	     0.728
 1132	     0.703
 1133	     0.812
 1134	     0.700
 1135	     0.751
 1136	     0.725
 1137	     0.760
 1138	     0.749
 1139	     0.691
 1140	     0.676
 1141	     0.845
 1142	     0.689
 1143	     0.833
 1144	     0.809
 1145	     0.768
 1146	     0.752
 1147	     0.731
 1148	     0.744
 1149	     0.745
 1150	     0.719
 1151	     0.763
 1152	     0.722
 1153	     0.733
 1154	     0.760
 1155	     0.777
 1156	     0.760
 1157	     0.774
 1158	     0.855
 1159	     0.849
 1160	     0.740
 1161	     0.798
 1162	     0.697
 1163	     0.767
 1164	     0.732
 1165	     0.753
 1166	     0.774
 1167	     0.832
 1168	     0.720
 1169	     0.862
 1170	     0.761
 1171	     0.742
 1172	     0.812
 1173	     0.798
 1174	     0.802
 1175	     0.794
 1176	     0.718
 1177	     0.780
 1178	     0.755
 1179	     0.773
 1180	     0.735
 1181	     0.789
 1182	     0.693
 1183	     0.792
 1184	     0.721
 1185	     0.755
 1186	     0.748
 1187	     0.810
 1188	     0.800
 1189	     0.819
 1190	     0.781
 1191	     0.859
 1192	     0.729
 1193	     0.813
 1194	     0.757
 1195	     0.749
 1196	     0.745
 1197	     0.761
 1198	     0.830
 1199	     0.816
 1200	     0.743
 1201	     0.881
 1202	     0.778
 1203	     0.754
 1204	     0.719
 1205	     0.810
 1206	     0.783
 1207	     0.863
 1208	     0.797
 1209	     0.844
 1210	     0.871
 1211	     0.805
 1212	     0.739
 1213	     0.845
 1214	     0.757
 1215	     0.897
 1216	     0.827
 1217	     0.758
 1218	     0.796
 1219	     0.809
 1220	     0.776
 1221	     0.870
 1222	     0.837
 1223	     0.822
 1224	     0.783
 1225	     0.930
 1226	     0.789
 1227	     0.766
 1228	     0.836
 1229	     0.879
 1230	     0.832
 1231	     0.746
 1232	     0.778
 1233	     0.746
 1234	     0.812
 1235	     0.767
 1236	     0.797
 1237	     0.889
 1238	     0.875
 1239	     0.799
 1240	     0.842
 1241	     0.782
 1242	     0.808
 1243	     0.742
 1244	     0.666
 1245	     0.751
 1246	     0.661
 1247	     0.698
 1248	     0.711
 1249	     0.669
 1250	     0.643
 1251	     0.508
 1252	     0.451
 1253	     0.419
 1254	     0.404
 1255	     0.388
 1256	     0.365
 1257	     0.371
 1258	     0.350
 1259	     0.322
 1260	     0.340
 1261	     0.423
 1262	     0.301
 1263	     0.373
 1264	     0.434
 1265	     0.501
 1266	     0.532
 1267	     0.508
 1268	     0.654
 1269	     0.616
 1270	     0.684
 1271	     0.672
 1272	     0.661
 1273	     0.710
 1274	     0.365
 1275	     0.599
 1276	     0.681
 1277	     0.764
 1278	     0.811
 1279	     0.509
 1280	     0.847
 1281	     0.725
 1282	     0.740
 1283	     0.619
 1284	     0.885
 1285	     0.896
 1286	     0.710
 1287	     0.638
 1288	     0.856
 1289	     0.725
 1290	     0.823
 1291	     0.785
 1292	     0.654
 1293	     0.908
 1294	     0.812
 1295	     0.852
 1296	     0.777
 1297	     0.805
 1298	     0.888
 1299	     0.748
 1300	     0.809
 1301	     0.876
 1302	     0.810
 1303	     0.801
 1304	     0.818
 1305	     0.832
 1306	     0.828
 1307	     0.782
 1308	     0.866
 1309	     0.812
 1310	     0.906
 1311	     0.858
 1312	     0.898
 1313	     0.864
 1314	     0.795
 1315	     0.760
 1316	     0.834
 1317	     0.866
 1318	     0.869
 1319	     0.922
 1320	     0.898
 1321	     0.862
 1322	     0.814
 1323	     0.831
 1324	     0.753
 1325	     0.891
 1326	     0.824
 1327	     0.787
 1328	     0.880
 1329	     0.950
 1330	     0.885
 1331	     0.858
 1332	     0.809
 1333	     0.863
 1334	     0.832
 1335	     0.723
 1336	     0.815
 1337	     0.823
 1338	     0.848
 1339	     0.808
 1340	     0.857
 1341	     0.761
 1342	     0.854
 1343	     0.840
 1344	     0.830
 1345	     0.858
 1346	     0.781
 1347	     0.853
 1348	     0.865
 1349	     0.821
 1350	     0.804
 1351	     0.785
 1352	     0.935
 1353	     0.830
 1354	     0.799
 1355	     0.831
 1356	     0.839
 1357	     0.812
 1358	     0.869
 1359	     0.864
 1360	     0.789
 1361	     0.766
 1362	     0.884
 1363	     0.888
 1364	     0.872
 1365	     0.793
 1366	     0.811
 1367	     0.796
 1368	     0.913
 1369	     0.892
 1370	     0.891
 1371	     0.859
 1372	     0.836
 1373	     0.912
 1374	     0.990
 1375	     0.815
 1376	     0.827
 1377	     0.902
 1378	     0.973
 1379	     0.774
 1380	     0.827
 1381	     0.878
 1382	     0.840
 1383	     0.769
 1384	     0.821
 1385	     0.855
 1386	     0.841
 1387	     0.880
 1388	     0.851
 1389	     0.819
 1390	     0.911
 1391	     0.840
 1392	     0.844
 1393	     0.861
 1394	     0.838
 1395	     0.841
 1396	     0.822
 1397	     0.950
 1398	     0.854
 1399	     0.862
 1400	     0.927
 1401	     0.902
 1402	     0.886
 1403	     0.797
 1404	     0.892
 1405	     0.917
 1406	     0.940
 1407	     0.939
 1408	     0.831
 1409	     0.975
 1410	     0.923
 1411	     0.859
 1412	     0.860
 1413	     0.923
 1414	     0.922
 1415	     0.875
 1416	     0.976
 1417	     0.893
 1418	     0.897
 1419	     0.915
 1420	     0.924
 1421	     0.901
 1422	     0.996
 1423	     0.970
 1424	     0.883
 1425	     0.908
 1426	     0.931
 1427	     0.818
 1428	     0.814
 1429	     0.873
 1430	     0.916
 1431	     0.937
 1432	     0.982
 1433	     0.857
 1434	     0.964
 1435	     0.940
 1436	     1.002
 1437	     0.852
 1438	     0.908
 1439	     0.889
 1440	     0.862
 1441	     0.846
 1442	     0.885
 1443	     0.811
 1444	     0.901
 1445	     0.869
 1446	     0.947
 1447	     0.893
 1448	     0.851
 1449	     0.907
 1450	     0.955
 1451	     0.828
 1452	     0.875
 1453	     0.852
 1454	     0.812
 1455	     0.823
 1456	     0.910
 1457	     0.866
 1458	     0.874
 1459	     0.913
 1460	     0.872
 1461	     0.830
 1462	     0.848
 1463	     0.847
 1464	     0.921
 1465	     0.869
 1466	     0.886
 1467	     0.859
 1468	     0.962
 1469	     0.935
 1470	     0.836
 1471	     0.827
 1472	     0.907
 1473	     0.868
 1474	     0.932
 1475	     0.981
 1476	     0.820
 1477	     0.904
 1478	     0.864
 1479	     0.957
 1480	     0.838
 1481	     0.800
 1482	     0.986
 1483	     0.848
 1484	     0.819
 1485	     0.868
 1486	     0.809
 1487	     0.928
 1488	     0.935
 1489	     0.883
 1490	     0.966
 1491	     0.783
 1492	     0.843
 1493	     0.793
 1494	     0.944
 1495	     0.881
 1496	     0.943
 1497	     0.847
 1498	     0.882
 1499	     0.949
 1500	     0.932
 1501	     0.900
 1502	     0.977
 1503	     0.902
 1504	     0.872
 1505	     0.898
 1506	     0.913
 1507	     0.892
 1508	     0.900
 1509	     0.898
 1510	     0.856
 1511	     0.910
 1512	     0.952
 1513	     0.903
 1514	     0.805
 1515	     0.912
 1516	     0.863
 1517	     0.883
 1518	     0.928
 1519	     0.860
 1520	     0.893
 1521	     0.938
 1522	     1.021
 1523	     0.839
 1524	     0.879
 1525	     0.946
 1526	     0.931
 1527	     0.869
 1528	     0.864
 1529	     0.909
 1530	     0.906
 1531	     0.884
 1532	     0.880
 1533	     0.790
 1534	     0.886
 1535	     0.856
 1536	     0.891
 1537	     0.824
 1538	     0.914
 1539	     0.870
 1540	     0.824
 1541	     0.897
 1542	     0.874
 1543	     0.858
 1544	     0.948
 1545	     0.845
 1546	     0.907
 1547	     0.834
 1548	     0.945
 1549	     0.967
 1550	     0.942
 1551	     0.870
 1552	     1.073
 1553	     0.921
 1554	     0.919
 1555	     0.897
 1556	     0.941
 1557	     0.855
 1558	     0.870
 1559	     0.879
 1560	     1.017
 1561	     0.947
 1562	     0.910
 1563	     0.890
 1564	     0.950
 1565	     0.905
 1566	     0.946
 1567	     0.884
 1568	     0.923
 1569	     0.783
 1570	     0.871
 1571	     0.909
 1572	     0.956
 1573	     0.940
 1574	     0.842
 1575	     0.958
 1576	     0.993
 1577	     0.958
 1578	     0.974
 1579	     0.893
 1580	     0.900
 1581	     0.883
 1582	     0.919
 1583	     0.929
 1584	     1.000
 1585	     0.869
 1586	     0.946
 1587	     0.926
 1588	     0.838
 1589	     0.974
 1590	     0.966
 1591	     0.892
 1592	     1.004
 1593	     0.902
 1594	     0.899
 1595	     0.876
 1596	     0.937
 1597	     0.967
 1598	     0.927
 1599	     0.939
 1600	     0.924
 1601	     0.906
 1602	     0.904
 1603	     0.989
 1604	     0.926
 1605	     0.930
 1606	     0.926
 1607	     0.881
 1608	     1.034
 1609	     0.917
 1610	     0.922
 1611	     0.986
 1612	     0.914
 1613	     0.829
 1614	     1.039
 1615	     0.945
 1616	     0.900
 1617	     0.958
 1618	     1.002
 1619	     0.868
 1620	     0.833
 1621	     0.948
 1622	     0.893
 1623	     0.912
 1624	     0.963
 1625	     0.985
 1626	     0.923
 1627	     0.891
 1628	     0.936
 1629	     0.919
 1630	     0.901
 1631	     0.929
 1632	     0.887
 1633	     0.939
 1634	     0.981
 1635	     0.877
 1636	     1.005
 1637	     0.961
 1638	     0.971
 1639	     0.995
 1640	     1.023
 1641	     0.944
 1642	     1.045
 1643	     0.928
 1644	     0.896
 1645	     0.900
 1646	     0.913
 1647	     0.962
 1648	     0.998
 1649	     0.895
 1650	     0.937
 1651	     0.958
 1652	     0.904
 1653	     0.977
 1654	     0.894
 1655	     0.942
 1656	     0.935
 1657	     0.905
 1658	     0.812
 1659	     0.827
 1660	     0.854
 1661	     0.900
 1662	     0.936
 1663	     0.931
 1664	     0.846
 1665	     0.936
 1666	     0.789
 1667	     0.835
 1668	     0.790
 1669	     0.749
 1670	     0.707
 1671	     0.538
 1672	     0.566
 1673	     0.530
 1674	     0.463
 1675	     0.504
 1676	     0.487
 1677	     0.451
 1678	     0.415
 1679	     0.497
 1680	     0.477
 1681	     0.449
 1682	     0.420
 1683	     0.631
 1684	     0.471
 1685	     0.653
 1686	     0.564
 1687	     0.448
 1688	     0.518
 1689	     0.512
 1690	     0.767
 1691	     0.563
 1692	     0.587
 1693	     0.842
 1694	     0.846
 1695	     0.813
 1696	     0.655
 1697	     0.833
 1698	     0.850
 1699	     0.860
 1700	     0.893
 1701	     0.834
 1702	     0.896
 1703	     0.884
 1704	     0.789
 1705	     0.966
 1706	     0.927
 1707	     0.912
 1708	     0.860
 1709	     0.725
 1710	     0.861
 1711	     0.654
 1712	     0.845
 1713	     0.966
 1714	     0.970
 1715	     0.954
 1716	     0.973
 1717	     0.983
 1718	     0.823
 1719	     1.058
 1720	     0.965
 1721	     0.954
 1722	     0.846
 1723	     0.956
 1724	     1.005
 1725	     1.044
 1726	     0.938
 1727	     1.016
 1728	     0.913
 1729	     0.971
 1730	     0.970
 1731	     0.943
 1732	     1.008
 1733	     0.880
 1734	     1.008
 1735	     1.059
 1736	     0.885
 1737	     1.096
 1738	     0.850
 1739	     1.044
 1740	     0.861
 1741	     0.912
 1742	     0.932
 1743	     0.976
 1744	     0.938
 1745	     1.009
 1746	     0.919
 1747	     0.967
 1748	     0.973
 1749	     0.914
 1750	     0.971
 1751	     1.031
 1752	     0.924
 1753	     1.089
 1754	     0.896
 1755	     1.000
 1756	     0.888
 1757	     0.933
 1758	     0.909
 1759	     0.955
 1760	     0.894
 1761	     1.032
 1762	     1.027
 1763	     0.967
 1764	     0.946
 1765	     0.947
 1766	     0.925
 1767	     1.052
 1768	     0.999
 1769	     0.910
 1770	     0.959
 1771	     1.046
 1772	     1.000
 1773	     0.946
 1774	     0.955
 1775	     1.018
 1776	     0.967
 1777	     0.974
 1778	     0.962
 1779	     1.037
 1780	     0.915
 1781	     0.962
 1782	     0.959
 1783	     0.958
 1784	     0.912
 1785	     1.045
 1786	     0.892
 1787	     1.049
 1788	     1.039
 1789	     0.941
 1790	     0.902
 1791	     0.957
 1792	     0.973
 1793	     0.990
 1794	     0.996
 1795	     1.081
 1796	     0.951
 1797	     0.983
 1798	     1.004
 1799	     0.946
 1800	     0.908
 1801	     0.977
 1802	     0.926
 1803	     0.976
 1804	     0.936
 1805	     0.924
 1806	     0.907
 1807	     0.906
 1808	     0.930
 1809	     1.013
 1810	     0.944
 1811	     0.986
 1812	     0.954
 1813	     0.901
 1814	     1.036
 1815	     1.017
 1816	     0.952
 1817	     0.950
 1818	     0.898
 1819	     0.952
 1820	     0.981
 1821	     0.941
 1822	     0.923
 1823	     0.971
 1824	     0.948
 1825	     1.022
 1826	     0.912
 1827	     0.991
 1828	     0.939
 1829	     0.946
 1830	     0.920
 1831	     0.976
 1832	     0.927
 1833	     0.986
 1834	     0.930
 1835	     0.970
 1836	     0.909
 1837	     0.930
 1838	     0.866
 1839	     0.974
 1840	     0.946
 1841	     1.006
 1842	     0.972
 1843	     1.055
 1844	     0.983
 1845	     0.944
 1846	     0.979
 1847	     0.955
 1848	     0.972
 1849	     1.095
 1850	     1.025
 1851	     0.970
 1852	     0.961
 1853	     0.934
 1854	     0.997
 1855	     1.051
 1856	     1.063
 1857	     1.012
 1858	     0.935
 1859	     0.942
 1860	     0.951
 1861	     0.902
 1862	     0.954
 1863	     1.022
 1864	     0.997
 1865	     1.125
 1866	     0.933
 1867	     0.962
 1868	     0.900
 1869	     0.962
 1870	     0.950
 1871	     1.035
 1872	     0.983
 1873	     1.143
 1874	     0.951
 1875	     0.984
 1876	     0.918
 1877	     0.972
 1878	     0.978
 1879	     0.996
 1880	     0.956
 1881	     1.137
 1882	     0.971
 1883	     1.029
 1884	     0.845
 1885	     0.955
 1886	     1.016
 1887	     1.075
 1888	     0.912
 1889	     1.091
 1890	     1.029
 1891	     0.933
 1892	     0.964
 1893	     1.037
 1894	     1.008
 1895	     1.057
 1896	     0.978
 1897	     1.054
 1898	     1.069
 1899	     1.063
 1900	     0.943
 1901	     0.975
 1902	     1.061
 1903	     1.034
 1904	     1.091
 1905	     0.954
 1906	     1.042
 1907	     1.097
 1908	     1.006
 1909	     0.985
 1910	     0.987
 1911	     1.046
 1912	     1.052
 1913	     0.966
 1914	     1.043
 1915	     1.061
 1916	     1.044
 1917	     0.937
 1918	     0.993
 1919	     0.952
 1920	     1.029
 1921	     0.927
 1922	     1.032
 1923	     1.140
 1924	     1.096
 1925	     0.931
 1926	     0.933
 1927	     0.960
 1928	     0.999
 1929	     1.152
 1930	     0.976
 1931	     0.981
 1932	     0.995
 1933	     0.968
 1934	     1.049
 1935	     0.900
 1936	     1.026
 1937	     1.051
 1938	     0.928
 1939	     0.962
 1940	     1.016
 1941	     0.987
 1942	     0.972
 1943	     1.036
 1944	     0.967
 1945	     0.995
 1946	     0.987
 1947	     0.945
 1948	     0.940
 1949	     0.991
 1950	     0.872
 1951	     1.011
 1952	     0.962
 1953	     1.054
 1954	     0.864
 1955	     1.010
 1956	     1.006
 1957	     0.941
 1958	     1.037
 1959	     0.981
 1960	     0.893
 1961	     1.001
 1962	     0.935
 1963	     1.020
 1964	     1.063
 1965	     0.936
 1966	     0.995
 1967	     0.977
 1968	     0.940
 1969	     1.093
 1970	     1.020
 1971	     1.019
 1972	     0.885
 1973	     0.948
 1974	     0.908
 1975	     0.975
 1976	     0.930
 1977	     1.086
 1978	     1.014
 1979	     0.982
 1980	     1.014
 1981	     1.011
 1982	     0.999
 1983	     1.033
 1984	     0.981
 1985	     1.030
 1986	     1.017
 1987	     0.966
 1988	     1.015
 1989	     0.943
 1990	     0.872
 1991	     0.988
 1992	     0.979
 1993	     1.118
 1994	     0.997
 1995	     0.960
 1996	     1.027
 1997	     0.950
 1998	     1.007
 1999	     0.993
 2000	     0.973
 2001	     1.133
 2002	     0.954
 2003	     0.990
 2004	     0.949
 2005	     0.969
 2006	     0.919
 2007	     1.012
 2008	     0.952
 2009	     1.132
 2010	     0.981
 2011	     1.119
 2012	     0.962
 2013	     0.960
 2014	     0.941
 2015	     0.992
 2016	     1.061
 2017	     0.975
 2018	     0.939
 2019	     1.057
 2020	     0.968
 2021	     0.923
 2022	     1.073
 2023	     1.040
 2024	     0.897
 2025	     0.997
 2026	     0.934
 2027	     0.979
 2028	     1.042
 2029	     0.960
 2030	     0.965
 2031	     0.924
 2032	     0.953
 2033	     1.126
 2034	     0.996
 2035	     1.027
 2036	     1.044
 2037	     0.919
 2038	     0.976
 2039	     0.972
 2040	     0.977
 2041	     1.173
 2042	     1.040
 2043	     1.033
 2044	     1.023
 2045	     1.004
 2046	     0.966
 2047	     0.956
 2048	     0.990
 2049	     1.033
 2050	     0.920
 2051	     1.082
 2052	     0.935
 2053	     0.977
 2054	     0.970
 2055	     1.145
 2056	     0.973
 2057	     0.992
 2058	     0.954
 2059	     1.033
 2060	     0.966
 2061	     0.911
 2062	     0.951
 2063	     1.009
 2064	     0.975
 2065	     1.109
 2066	     0.965
 2067	     1.024
 2068	     1.042
 2069	     0.976
 2070	     1.032
 2071	     0.982
 2072	     0.980
 2073	     0.988
 2074	     0.905
 2075	     0.960
 2076	     1.018
 2077	     0.858
 2078	     0.945
 2079	     0.930
 2080	     1.032
 2081	     0.926
 2082	     0.974
 2083	     0.835
 2084	     0.909
 2085	     0.859
 2086	     0.885
 2087	     0.916
 2088	     0.910
 2089	     0.871
 2090	     0.648
 2091	     0.612
 2092	     0.573
 2093	     0.578
 2094	     0.568
 2095	     0.524
 2096	     0.483
 2097	     0.435
 2098	     0.534
 2099	     0.477
 2100	     0.403
 2101	     0.596
 2102	     0.618
 2103	     0.442
 2104	     0.602
 2105	     0.549
 2106	     0.739
 2107	     0.771
 2108	     0.676
 2109	     0.823
 2110	     0.853
 2111	     0.875
 2112	     0.801
 2113	     0.798
 2114	     0.909
 2115	     0.874
 2116	     0.908
 2117	     0.859
 2118	     0.844
 2119	     0.915
 2120	     0.822
 2121	     0.997
 2122	     0.909
 2123	     0.905
 2124	     1.028
 2125	     0.967
 2126	     0.892
 2127	     0.937
 2128	     0.942
 2129	     0.989
 2130	     0.935
 2131	     0.908
 2132	     0.992
 2133	     1.093
 2134	     0.956
 2135	     0.999
 2136	     1.052
 2137	     1.005
 2138	     1.030
 2139	     0.984
 2140	     0.942
 2141	     1.081
 2142	     0.951
 2143	     0.942
 2144	     0.953
 2145	     0.944
 2146	     1.027
 2147	     0.867
 2148	     0.995
 2149	     1.001
 2150	     1.037
 2151	     0.965
 2152	     1.035
 2153	     1.009
 2154	     1.097
 2155	     1.026
 2156	     1.001
 2157	     0.952
 2158	     1.000
 2159	     1.005
 2160	     0.991
 2161	     0.999
 2162	     1.071
 2163	     1.095
 2164	     1.121
 2165	     0.949
 2166	     0.986
 2167	     0.941
 2168	     1.003
 2169	     1.045
 2170	     1.080
 2171	     1.062
 2172	     1.057
 2173	     1.054
 2174	     0.978
 2175	     1.024
 2176	     1.005
 2177	     0.988
 2178	     1.082
 2179	     0.978
 2180	     1.030
 2181	     0.973
 2182	     1.032
 2183	     0.975
 2184	     1.127
 2185	     0.934
 2186	     1.184
 2187	     0.939
 2188	     1.122
 2189	     1.040
 2190	     0.926
 2191	     1.036
 2192	     1.045
 2193	     1.098
 2194	     1.126
 2195	     1.063
 2196	     1.099
 2197	     1.089
 2198	     1.031
 2199	     1.080
 2200	     1.031
 2201	     1.049
 2202	     1.284
 2203	     0.951
 2204	     1.091
 2205	     0.913
 2206	     0.881
 2207	     0.944
 2208	     1.007
 2209	     0.934
 2210	     1.115
 2211	     0.980
 2212	     1.056
 2213	     1.025
 2214	     1.055
 2215	     1.042
 2216	     0.907
 2217	     0.977
 2218	     1.178
 2219	     1.000
 2220	     0.971
 2221	     1.050
 2222	     0.992
 2223	     0.947
 2224	     0.916
 2225	     0.900
 2226	     1.114
 2227	     1.009
 2228	     0.954
 2229	     1.074
 2230	     0.969
 2231	     1.064
 2232	     1.033
 2233	     0.976
 2234	     1.063
 2235	     0.962
 2236	     1.072
 2237	     0.993
 2238	     1.078
 2239	     1.011
 2240	     0.964
 2241	     1.005
 2242	     1.048
 2243	     0.945
 2244	     1.083
 2245	     1.060
 2246	     1.005
 2247	     0.982
 2248	     1.016
 2249	     0.924
 2250	     1.137
 2251	     0.993
 2252	     1.068
 2253	     1.079
 2254	     0.906
 2255	     1.000
 2256	     1.000
 2257	     1.006
 2258	     1.155
 2259	     0.950
 2260	     1.172
 2261	     0.979
 2262	     0.996
 2263	     0.954
 2264	     1.141
 2265	     1.026
 2266	     1.203
 2267	     0.920
 2268	     1.005
 2269	     0.957
 2270	     0.919
 2271	     0.952
 2272	     1.004
 2273	     0.942
 2274	     1.146
 2275	     1.038
 2276	     1.088
 2277	     0.981
 2278	     0.998
 2279	     0.982
 2280	     1.005
 2281	     0.922
 2282	     1.056
 2283	     1.026
 2284	     1.108
 2285	     1.032
 2286	     1.029
 2287	     1.025
 2288	     1.057
 2289	     0.997
 2290	     1.126
 2291	     0.946
 2292	     1.132
 2293	     0.999
 2294	     0.949
 2295	     1.055
 2296	     1.059
 2297	     0.986
 2298	     1.152
 2299	     1.048
 2300	     1.063
 2301	     0.986
 2302	     1.002
 2303	     1.000
 2304	     1.009
 2305	     1.000
 2306	     1.079
 2307	     0.998
 2308	     1.084
 2309	     0.926
 2310	     0.993
 2311	     1.038
 2312	     1.100
 2313	     1.075
 2314	     1.142
 2315	     0.950
 2316	     1.053
 2317	     1.028
 2318	     0.988
 2319	     1.015
 2320	     0.941
 2321	     1.017
 2322	     1.087
 2323	     0.909
 2324	     1.123
 2325	     0.882
 2326	     1.006
 2327	     1.028
 2328	     1.009
 2329	     0.987
 2330	     1.165
 2331	     1.008
 2332	     1.115
 2333	     0.962
 2334	     1.002
 2335	     0.960
 2336	     0.953
 2337	     1.028
 2338	     1.160
 2339	     0.967
 2340	     0.993
 2341	     0.955
 2342	     0.885
 2343	     0.986
 2344	     0.985
 2345	     1.007
 2346	     1.227
 2347	     1.090
 2348	     1.131
 2349	     1.118
 2350	     1.012
 2351	     0.950
 2352	     1.131
 2353	     0.999
 2354	     1.089
 2355	     1.093
 2356	     1.065
 2357	     1.012
 2358	     1.120
 2359	     1.011
 2360	     1.093
 2361	     0.974
 2362	     1.164
 2363	     1.030
 2364	     1.204
 2365	     0.987
 2366	     0.965
 2367	     1.042
 2368	     1.011
 2369	     1.008
 2370	     1.189
 2371	     0.974
 2372	     1.072
 2373	     1.041
 2374	     0.939
 2375	     0.974
 2376	     0.948
 2377	     1.003
 2378	     1.102
 2379	     0.971
 2380	     1.095
 2381	     0.935
 2382	     0.873
 2383	     1.028
 2384	     1.004
 2385	     0.953
 2386	     1.074
 2387	     0.994
 2388	     0.999
 2389	     1.020
 2390	     0.920
 2391	     0.989
 2392	     1.029
 2393	     1.038
 2394	     1.051
 2395	     0.915
 2396	     0.995
 2397	     1.016
 2398	     0.948
 2399	     0.970
 2400	     1.008
 2401	     0.923
 2402	     1.152
 2403	     1.001
 2404	     1.085
 2405	     0.987
 2406	     0.930
 2407	     1.025
 2408	     0.912
 2409	     0.951
 2410	     1.057
 2411	     1.013
 2412	     1.085
 2413	     1.038
 2414	     0.987
 2415	     0.925
 2416	     0.967
 2417	     0.950
 2418	     0.969
 2419	     0.906
 2420	     1.074
 2421	     0.928
 2422	     0.934
 2423	     0.897
 2424	     0.975
 2425	     0.996
 2426	     1.069
 2427	     1.073
 2428	     1.076
 2429	     0.989
 2430	     1.023
 2431	     1.036
 2432	     1.034
 2433	     0.981
 2434	     1.125
 2435	     1.039
 2436	     1.076
 2437	     1.014
 2438	     0.957
 2439	     0.998
 2440	     1.087
 2441	     0.990
 2442	     1.164
 2443	     0.934
 2444	     1.100
 2445	     0.982
 2446	     1.016
 2447	     0.971
 2448	     1.043
 2449	     0.982
 2450	     1.087
 2451	     1.051
 2452	     1.042
 2453	     0.986
 2454	     0.984
 2455	     1.029
 2456	     1.013
 2457	     0.971
 2458	     1.112
 2459	     0.997
 2460	     0.988
 2461	     0.947
 2462	     0.992
 2463	     1.091
 2464	     0.947
 2465	     0.961
 2466	     1.143
 2467	     1.050
 2468	     0.995
 2469	     1.016
 2470	     0.902
 2471	     0.995
 2472	     0.993
 2473	     0.964
 2474	     1.171
 2475	     1.067
 2476	     1.079
 2477	     0.890
 2478	     0.990
 2479	     1.034
 2480	     1.062
 2481	     1.033
 2482	     1.224
 2483	     1.004
 2484	     1.025
 2485	     0.937
 2486	     0.912
 2487	     0.998
 2488	     1.065
 2489	     0.906
 2490	     1.015
 2491	     0.870
 2492	     1.008
 2493	     0.955
 2494	     0.921
 2495	     0.929
 2496	     1.005
 2497	     1.043
 2498	     1.013
 2499	     0.940
 2500	     0.972
 2501	     0.974
 2502	     0.907
 2503	     0.867
 2504	     0.858
 2505	     0.857
 2506	     1.020
 2507	     0.875
 2508	     0.846
 2509	     0.755
 2510	     0.619
 2511	     0.553
 2512	     0.519
 2513	     0.498
 2514	     0.573
 2515	     0.584
 2516	     0.479
 2517	     0.452
 2518	     0.438
 2519	     0.465
 2520	     0.408
 2521	     0.601
 2522	     0.700
 2523	     0.573
 2524	     0.673
 2525	     0.582
 2526	     0.727
 2527	     0.724
 2528	     0.780
 2529	     0.589
 2530	     0.780
 2531	     0.897
 2532	     0.600
 2533	     0.863
 2534	     0.624
 2535	     0.868
 2536	     0.787
 2537	     0.438
 2538	     0.963
 2539	     0.529
 2540	     0.882
 2541	     0.907
 2542	     0.643
 2543	     0.902
 2544	     0.881
 2545	     1.003
 2546	     0.525
 2547	     0.927
 2548	     0.964
 2549	     0.935
 2550	     0.914
 2551	     0.925
 2552	     0.998
 2553	     0.981
 2554	     0.949
 2555	     1.045
 2556	     1.014
 2557	     1.036
 2558	     0.945
 2559	     0.923
 2560	     0.949
 2561	     0.980
 2562	     0.978
 2563	     1.027
 2564	     0.977
 2565	     1.020
 2566	     0.969
 2567	     0.674
 2568	     1.032
 2569	     1.045
 2570	     0.967
 2571	     1.028
 2572	     1.015
 2573	     1.060
 2574	     1.020
 2575	     1.024
 2576	     1.000
 2577	     1.031
 2578	     1.021
 2579	     0.953
 2580	     0.897
 2581	     0.974
 2582	     0.922
 2583	     0.978
 2584	     1.037
 2585	     0.997
 2586	     0.984
 2587	     1.084
 2588	     0.910
 2589	     1.142
 2590	     0.967
 2591	     1.088
 2592	     0.973
 2593	     1.063
 2594	     1.064
 2595	     1.163
 2596	     0.988
 2597	     1.023
 2598	     1.096
 2599	     1.004
 2600	     0.964
 2601	     0.998
 2602	     0.893
 2603	     1.133
 2604	     1.074
 2605	     1.113
 2606	     0.931
 2607	     1.014
 2608	     0.884
 2609	     1.018
 2610	     0.956
 2611	     1.064
 2612	     0.969
 2613	     1.049
 2614	     1.001
 2615	     0.957
 2616	     0.905
 2617	     1.050
 2618	     0.923
 2619	     1.037
 2620	     0.977
 2621	     0.975
 2622	     0.989
 2623	     0.921
 2624	     0.940
 2625	     0.976
 2626	     0.950
 2627	     1.178
 2628	     1.027
 2629	     1.032
 2630	     0.899
 2631	     0.973
 2632	     0.989
 2633	     1.003
 2634	     0.921
 2635	     1.183
 2636	     0.991
 2637	     1.137
 2638	     0.918
 2639	     0.956
 2640	     0.948
 2641	     0.939
 2642	     1.004
 2643	     1.069
 2644	     0.891
 2645	     0.958
 2646	     0.914
 2647	     0.929
 2648	     0.900
 2649	     1.071
 2650	     1.052
 2651	     1.203
 2652	     1.024
 2653	     0.995
 2654	     0.933
 2655	     1.013
 2656	     0.917
 2657	     0.953
 2658	     0.999
 2659	     1.037
 2660	     0.856
 2661	     1.004
 2662	     1.054
 2663	     1.096
 2664	     0.979
 2665	     1.046
 2666	     0.998
 2667	     1.050
 2668	     0.896
 2669	     1.032
 2670	     1.033
 2671	     1.025
 2672	     0.919
 2673	     0.978
 2674	     1.089
 2675	     1.068
 2676	     0.916
 2677	     1.000
 2678	     0.934
 2679	     0.939
 2680	     0.989
 2681	     0.901
 2682	     1.118
 2683	     1.098
 2684	     1.048
 2685	     1.066
 2686	     1.022
 2687	     0.968
 2688	     1.036
 2689	     1.064
 2690	     0.882
 2691	     1.034
 2692	     0.991
 2693	     0.991
 2694	     1.028
 2695	     1.003
 2696	     0.910
 2697	     0.937
 2698	     0.876
 2699	     1.010
 2700	     0.944
 2701	     1.090
 2702	     0.981
 2703	     0.999
 2704	     0.908
 2705	     0.911
 2706	     0.824
 2707	     1.137
 2708	     0.966
 2709	     1.052
 2710	     0.885
 2711	     0.963
 2712	     0.889
 2713	     1.009
 2714	     0.963
 2715	     1.084
 2716	     0.928
 2717	     1.035
 2718	     0.976
 2719	     0.975
 2720	     1.019
 2721	     1.052
 2722	     1.023
 2723	     1.122
 2724	     0.963
 2725	     1.008
 2726	     0.889
 2727	     0.896
 2728	     0.933
 2729	     1.004
 2730	     0.948
 2731	     1.063
 2732	     0.936
 2733	     1.122
 2734	     0.972
 2735	     1.089
 2736	     1.017
 2737	     0.995
 2738	     0.998
 2739	     1.053
 2740	     0.887
 2741	     1.131
 2742	     0.968
 2743	     0.912
 2744	     0.877
 2745	     1.036
 2746	     1.084
 2747	     1.047
 2748	     0.944
 2749	     0.944
 2750	     0.959
 2751	     1.040
 2752	     1.063
 2753	     1.001
 2754	     1.147
 2755	     1.172
 2756	     1.058
 2757	     1.128
 2758	     0.937
 2759	     0.929
 2760	     0.853
 2761	     1.034
 2762	     1.024
 2763	     1.059
 2764	     0.872
 2765	     0.935
 2766	     0.964
 2767	     1.034
 2768	     0.990
 2769	     1.023
 2770	     0.941
 2771	     1.060
 2772	     0.914
 2773	     1.025
 2774	     0.930
 2775	     0.879
 2776	     0.882
 2777	     1.025
 2778	     0.985
 2779	     1.090
 2780	     0.867
 2781	     1.119
 2782	     1.035
 2783	     0.953
 2784	     0.939
 2785	     0.965
 2786	     0.955
 2787	     1.111
 2788	     0.956
 2789	     1.095
 2790	     0.890
 2791	     1.003
 2792	     0.947
 2793	     1.032
 2794	     1.060
 2795	     1.112
 2796	     1.037
 2797	     0.967
 2798	     0.988
 2799	     0.969
 2800	     0.937
 2801	     1.017
 2802	     1.065
 2803	     1.002
 2804	     0.893
 2805	     1.083
 2806	     0.938
 2807	     0.911
 2808	     0.950
 2809	     1.030
 2810	     1.044
 2811	     1.010
 2812	     0.926
 2813	     1.080
 2814	     0.987
 2815	     0.937
 2816	     0.964
 2817	     0.979
 2818	     1.011
 2819	     1.132
 2820	     0.946
 2821	     1.051
 2822	     0.949
 2823	     0.923
 2824	     0.991
 2825	     0.929
 2826	     0.923
 2827	     1.100
 2828	     0.941
 2829	     1.018
 2830	     1.014
 2831	     0.992
 2832	     0.973
 2833	     0.958
 2834	     0.981
 2835	     1.031
 2836	     0.910
 2837	     1.001
 2838	     0.935
 2839	     1.011
 2840	     0.895
 2841	     0.943
 2842	     0.946
 2843	     1.098
 2844	     0.961
 2845	     1.032
 2846	     0.870
 2847	     0.906
 2848	     0.976
 2849	     0.912
 2850	     0.872
 2851	     1.076
 2852	     0.905
 2853	     1.037
 2854	     0.897
 2855	     1.010
 2856	     0.985
 2857	     0.983
 2858	     1.014
 2859	     1.016
 2860	     0.885
 2861	     1.188
 2862	     0.909
 2863	     0.832
 2864	     0.970
 2865	     0.936
 2866	     1.048
 2867	     1.064
 2868	     0.967
 2869	     1.091
 2870	     0.909
 2871	     0.882
 2872	     0.888
 2873	     0.895
 2874	     1.002
 2875	     0.995
 2876	     0.885
 2877	     0.995
 2878	     0.773
 2879	     0.874
 2880	     0.939
 2881	     0.934
 2882	     0.970
 2883	     1.004
 2884	     0.897
 2885	     0.949
 2886	     0.949
 2887	     0.904
 2888	     0.866
 2889	     0.943
 2890	     0.956
 2891	     1.073
 2892	     0.959
 2893	     0.923
 2894	     0.913
 2895	     0.973
 2896	     0.957
 2897	     0.908
 2898	     0.931
 2899	     1.075
 2900	     1.025
 2901	     1.002
 2902	     0.862
 2903	     0.948
 2904	     0.909
 2905	     1.008
 2906	     0.969
 2907	     1.001
 2908	     0.953
 2909	     0.937
 2910	     0.858
 2911	     0.838
 2912	     0.851
 2913	     0.884
 2914	     0.898
 2915	     1.038
 2916	     0.934
 2917	     0.950
 2918	     0.901
 2919	     0.981
 2920	     0.857
 2921	     0.942
 2922	     0.840
 2923	     0.928
 2924	     0.892
 2925	     0.899
 2926	     0.872
 2927	     0.777
 2928	     0.689
 2929	     0.627
 2930	     0.525
 2931	     0.496
 2932	     0.495
 2933	     0.495
 2934	     0.511
 2935	     0.455
 2936	     0.491
 2937	     0.402
 2938	     0.427
 2939	     0.493
 2940	     0.453
 2941	     0.379
 2942	     0.502
 2943	     0.546
 2944	     0.414
 2945	     0.650
 2946	     0.441
 2947	     0.704
 2948	     0.617
 2949	     0.728
 2950	     0.779
 2951	     0.613
 2952	     0.722
 2953	     0.750
 2954	     0.744
 2955	     0.776
 2956	     0.843
 2957	     0.642
 2958	     0.816
 2959	     0.832
 2960	     0.747
 2961	     0.704
 2962	     0.857
 2963	     0.958
 2964	     0.872
 2965	     0.740
 2966	     0.962
 2967	     0.859
 2968	     0.823
 2969	     0.721
 2970	     0.895
 2971	     0.853
 2972	     0.923
 2973	     0.923
 2974	     0.806
 2975	     0.980
 2976	     0.961
 2977	     0.892
 2978	     0.815
 2979	     0.867
 2980	     1.006
 2981	     0.967
 2982	     1.070
 2983	     0.846
 2984	     0.973
 2985	     0.891
 2986	     0.950
 2987	     0.880
 2988	     0.930
 2989	     0.862
 2990	     1.019
 2991	     0.933
 2992	     0.959
 2993	     0.833
 2994	     0.936
 2995	     0.834
 2996	     0.859
 2997	     0.898
 2998	     0.842
 2999	     0.843
 3000	     0.979
 3001	     0.839
 3002	     0.891
 3003	     0.904
 3004	     0.894
 3005	     0.835
 3006	     0.930
 3007	     0.978
 3008	     0.874
 3009	     0.904
 3010	     0.911
 3011	     0.989
 3012	     1.124
 3013	     0.857
 3014	     0.975
 3015	     0.863
 3016	     0.907
 3017	     0.890
 3018	     0.929
 3019	     0.970
 3020	     0.959
 3021	     0.870
 3022	     0.940
 3023	     0.959
 3024	     0.976
 3025	     0.900
 3026	     0.861
 3027	     0.902
 3028	     1.008
 3029	     0.872
 3030	     0.910
 3031	     0.970
 3032	     0.870
 3033	     0.866
 3034	     0.922
 3035	     0.918
 3036	     0.964
 3037	     0.894
 3038	     0.976
 3039	     0.878
 3040	     0.795
 3041	     0.789
 3042	     0.852
 3043	     0.859
 3044	     0.990
 3045	     0.929
 3046	     0.962
 3047	     0.828
 3048	     0.870
 3049	     0.803
 3050	     0.934
 3051	     0.843
 3052	     0.925
 3053	     0.983
 3054	     0.944
 3055	     0.812
 3056	     0.841
 3057	     0.850
 3058	     0.886
 3059	     0.923
 3060	     0.918
 3061	     0.880
 3062	     0.944
 3063	     0.812
 3064	     0.885
 3065	     0.812
 3066	     0.949
 3067	     0.897
 3068	     0.925
 3069	     0.798
 3070	     0.946
 3071	     0.817
 3072	     0.901
 3073	     0.840
 3074	     0.878
 3075	     0.817
 3076	     0.986
 3077	     0.847
 3078	     0.901
 3079	     0.816
 3080	     0.814
 3081	     0.827
 3082	     0.847
 3083	     0.838
 3084	     0.961
 3085	     0.805
 3086	     0.879
 3087	     0.857
 3088	     0.779
 3089	     0.909
 3090	     0.982
 3091	     0.827
 3092	     1.005
 3093	     0.941
 3094	     0.997
 3095	     0.882
 3096	     0.814
 3097	     0.836
 3098	     0.991
 3099	     0.801
 3100	     0.975
 3101	     0.868
 3102	     0.889
 3103	     0.795
 3104	     0.857
 3105	     0.818
 3106	     0.911
 3107	     0.828
 3108	     0.921
 3109	     0.875
 3110	     0.828
 3111	     0.794
 3112	     0.856
 3113	     0.861
 3114	     0.891
 3115	     0.762
 3116	     0.955
 3117	     0.886
 3118	     0.893
 3119	     0.860
 3120	     0.955
 3121	     0.814
 3122	     0.848
 3123	     0.846
 3124	     0.905
 3125	     0.815
 3126	     1.009
 3127	     0.869
 3128	     0.804
 3129	     0.797
 3130	     0.898
 3131	     0.789
 3132	     0.899
 3133	     0.837
 3134	     0.960
 3135	     0.853
 3136	     0.856
 3137	     0.911
 3138	     0.867
 3139	     0.806
 3140	     0.961
 3141	     0.831
 3142	     0.858
 3143	     0.826
 3144	     0.852
 3145	     0.913
 3146	     0.883
 3147	     0.940
 3148	     0.894
 3149	     0.877
 3150	     0.946
 3151	     0.790
 3152	     0.877
 3153	     0.799
 3154	     0.839
 3155	     0.765
 3156	     0.929
 3157	     0.891
 3158	     0.890
 3159	     0.816
 3160	     0.738
 3161	     0.842
 3162	     0.862
 3163	     0.830
 3164	     0.980
 3165	     0.884
 3166	     0.915
 3167	     0.844
 3168	     0.763
 3169	     0.899
 3170	     0.932
 3171	     0.906
 3172	     0.921
 3173	     0.749
 3174	     0.848
 3175	     0.675
 3176	     0.878
 3177	     0.738
 3178	     0.828
 3179	     0.824
 3180	     0.911
 3181	     0.798
 3182	     0.954
 3183	     0.829
 3184	     0.715
 3185	     0.795
 3186	     0.876
 3187	     0.812
 3188	     0.976
 3189	     0.861
 3190	     0.925
 3191	     0.727
 3192	     0.794
 3193	     0.863
 3194	     0.861
 3195	     0.822
 3196	     0.868
 3197	     0.744
 3198	     0.851
 3199	     0.766
 3200	     0.760
 3201	     0.809
 3202	     0.881
 3203	     0.770
 3204	     0.935
 3205	     0.875
 3206	     0.899
 3207	     0.819
 3208	     0.863
 3209	     0.805
 3210	     0.841
 3211	     0.785
 3212	     0.976
 3213	     0.769
 3214	     0.789
 3215	     0.741
 3216	     0.833
 3217	     0.747
 3218	     0.831
 3219	     0.912
 3220	     0.944
 3221	     0.785
 3222	     0.950
 3223	     0.791
 3224	     0.780
 3225	     0.789
 3226	     0.806
 3227	     0.810
 3228	     0.945
 3229	     0.778
 3230	     1.013
 3231	     0.775
 3232	     0.814
 3233	     0.749
 3234	     0.821
 3235	     0.728
 3236	     0.929
 3237	     0.793
 3238	     0.848
 3239	     0.774
 3240	     0.803
 3241	     0.742
 3242	     0.893
 3243	     0.854
 3244	     0.904
 3245	     0.794
 3246	     0.834
 3247	     0.792
 3248	     0.868
 3249	     0.821
 3250	     0.797
 3251	     0.840
 3252	     0.942
 3253	     0.739
 3254	     0.877
 3255	     0.752
 3256	     0.740
 3257	     0.780
 3258	     0.889
 3259	     0.826
 3260	     0.874
 3261	     0.793
 3262	     0.855
 3263	     0.755
 3264	     0.790
 3265	     0.749
 3266	     0.823
 3267	     0.821
 3268	     0.932
 3269	     0.781
 3270	     0.828
 3271	     0.723
 3272	     0.805
 3273	     0.824
 3274	     0.871
 3275	     0.819
 3276	     0.843
 3277	     0.773
 3278	     0.877
 3279	     0.782
 3280	     0.828
 3281	     0.722
 3282	     0.784
 3283	     0.788
 3284	     0.891
 3285	     0.788
 3286	     0.849
 3287	     0.744
 3288	     0.735
 3289	     0.665
 3290	     0.755
 3291	     0.852
 3292	     0.829
 3293	     0.785
 3294	     0.933
 3295	     0.711
 3296	     0.760
 3297	     0.817
 3298	     0.903
 3299	     0.728
 3300	     0.904
 3301	     0.757
 3302	     0.808
 3303	     0.689
 3304	     0.838
 3305	     0.766
 3306	     0.909
 3307	     0.797
 3308	     0.898
 3309	     0.769
 3310	     0.738
 3311	     0.751
 3312	     0.719
 3313	     0.748
 3314	     0.823
 3315	     0.798
 3316	     0.922
 3317	     0.767
 3318	     0.781
 3319	     0.708
 3320	     0.751
 3321	     0.804
 3322	     0.749
 3323	     0.708
 3324	     0.800
 3325	     0.876
 3326	     0.749
 3327	     0.839
 3328	     0.720
 3329	     0.719
 3330	     0.774
 3331	     0.790
 3332	     0.831
 3333	     0.703
 3334	     0.724
 3335	     0.681
 3336	     0.764
 3337	     0.720
 3338	     0.808
 3339	     0.821
 3340	     0.743
 3341	     0.716
 3342	     0.686
 3343	     0.597
 3344	     0.678
 3345	     0.757
 3346	     0.703
 3347	     0.664
 3348	     0.629
 3349	     0.475
 3350	     0.476
 3351	     0.428
 3352	     0.361
 3353	     0.397
 3354	     0.419
 3355	     0.338
 3356	     0.340
 3357	     0.464
 3358	     0.335
 3359	     0.431
 3360	     0.334
 3361	     0.336
 3362	     0.436
 3363	     0.417
 3364	     0.511
 3365	     0.585
 3366	     0.612
 3367	     0.512
 3368	     0.391
 3369	     0.501
 3370	     0.591
 3371	     0.661
 3372	     0.716
 3373	     0.604
 3374	     0.655
 3375	     0.683
 3376	     0.672
 3377	     0.609
 3378	     0.356
 3379	     0.708
 3380	     0.630
 3381	     0.692
 3382	     0.800
 3383	     0.762
 3384	     0.603
 3385	     0.741
 3386	     0.814
 3387	     0.702
 3388	     0.819
 3389	     0.731
 3390	     0.776
 3391	     0.772
 3392	     0.703
 3393	     0.750
 3394	     0.676
 3395	     0.670
 3396	     0.854
 3397	     0.794
 3398	     0.751
 3399	     0.834
 3400	     0.726
 3401	     0.753
 3402	     0.805
 3403	     0.705
 3404	     0.805
 3405	     0.756
 3406	     0.754
 3407	     0.803
 3408	     0.826
 3409	     0.746
 3410	     0.745
 3411	     0.724
 3412	     0.744
 3413	     0.786
 3414	     0.729
 3415	     0.804
 3416	     0.858
 3417	     0.663
 3418	     0.665
 3419	     0.684
 3420	     0.757
 3421	     0.715
 3422	     0.769
 3423	     0.818
 3424	     0.785
 3425	     0.754
 3426	     0.747
 3427	     0.764
 3428	     0.779
 3429	     0.904
 3430	     0.618
 3431	     0.684
 3432	     0.677
 3433	     0.680
 3434	     0.774
 3435	     0.743
 3436	     0.733
 3437	     0.838
 3438	     0.584
 3439	     0.794
 3440	     0.717
 3441	     0.725
 3442	     0.769
 3443	     0.741
 3444	     0.708
 3445	     0.722
 3446	     0.700
 3447	     0.766
 3448	     0.714
 3449	     0.621
 3450	     0.796
 3451	     0.759
 3452	     0.691
 3453	     0.778
 3454	     0.723
 3455	     0.705
 3456	     0.724
 3457	     0.676
 3458	     0.685
 3459	     0.713
 3460	     0.667
 3461	     0.753
 3462	     0.638
 3463	     0.688
 3464	     0.740
 3465	     0.746
 3466	     0.619
 3467	     0.700
 3468	     0.750
 3469	     0.737
 3470	     0.670
 3471	     0.761
 3472	     0.622
 3473	     0.671
 3474	     0.718
 3475	     0.775
 3476	     0.714
 3477	     0.673
 3478	     0.605
 3479	     0.683
 3480	     0.564
 3481	     0.680
 3482	     0.762
 3483	     0.634
 3484	     0.638
 3485	     0.740
 3486	     0.640
 3487	     0.648
 3488	     0.642
 3489	     0.617
 3490	     0.651
 3491	     0.628
 3492	     0.735
 3493	     0.669
 3494	     0.645
 3495	     0.638
 3496	     0.637
 3497	     0.663
 3498	     0.626
 3499	     0.672
 3500	     0.673
 3501	     0.745
 3502	     0.645
 3503	     0.685
 3504	     0.616
 3505	     0.595
 3506	     0.647
 3507	     0.698
 3508	     0.575
 3509	     0.759
 3510	     0.692
 3511	     0.757
 3512	     0.616
 3513	     0.673
 3514	     0.737
 3515	     0.626
 3516	     0.654
 3517	     0.675
 3518	     0.620
 3519	     0.673
 3520	     0.601
 3521	     0.610
 3522	     0.747
 3523	     0.656
 3524	     0.649
 3525	     0.731
 3526	     0.578
 3527	     0.650
 3528	     0.742
 3529	     0.613
 3530	     0.747
 3531	     0.671
 3532	     0.598
 3533	     0.670
 3534	     0.647
 3535	     0.640
 3536	     0.683
 3537	     0.644
 3538	     0.688
 3539	     0.777
 3540	     0.715
 3541	     0.651
 3542	     0.615
 3543	     0.816
 3544	     0.636
 3545	     0.626
 3546	     0.644
 3547	     0.722
 3548	     0.596
 3549	     0.693
 3550	     0.634
 3551	     0.732
 3552	     0.586
 3553	     0.685
 3554	     0.599
 3555	     0.773
 3556	     0.620
 3557	     0.687
 3558	     0.614
 3559	     0.694
 3560	     0.634
 3561	     0.581
 3562	     0.716
 3563	     0.696
 3564	     0.637
 3565	     0.768
 3566	     0.644
 3567	     0.602
 3568	     0.676
 3569	     0.661
 3570	     0.722
 3571	     0.587
 3572	     0.718
 3573	     0.645
 3574	     0.699
 3575	     0.679
 3576	     0.527
 3577	     0.669
 3578	     0.622
 3579	     0.680
 3580	     0.623
 3581	     0.639
 3582	     0.640
 3583	     0.645
 3584	     0.576
 3585	     0.665
 3586	     0.605
 3587	     0.619
 3588	     0.531
 3589	     0.689
 3590	     0.563
 3591	     0.671
 3592	     0.622
 3593	     0.620
 3594	     0.609
 3595	     0.584
 3596	     0.623
 3597	     0.754
 3598	     0.634
 3599	     0.675
 3600	     0.544
 3601	     0.674
 3602	     0.613
 3603	     0.551
 3604	     0.660
 3605	     0.623
 3606	     0.688
 3607	     0.725
 3608	     0.556
 3609	     0.554
 3610	     0.678
 3611	     0.632
 3612	     0.597
 3613	     0.595
 3614	     0.678
 3615	     0.747
 3616	     0.580
 3617	     0.477
 3618	     0.586
 3619	     0.616
 3620	     0.616
 3621	     0.579
 3622	     0.619
 3623	     0.695
 3624	     0.632
 3625	     0.588
 3626	     0.601
 3627	     0.589
 3628	     0.559
 3629	     0.607
 3630	     0.541
 3631	     0.647
 3632	     0.675
 3633	     0.616
 3634	     0.542
 3635	     0.546
 3636	     0.532
 3637	     0.601
 3638	     0.542
 3639	     0.644
 3640	     0.553
 3641	     0.584
 3642	     0.573
 3643	     0.599
 3644	     0.632
 3645	     0.651
 3646	     0.594
 3647	     0.686
 3648	     0.583
 3649	     0.608
 3650	     0.507
 3651	     0.597
 3652	     0.530
 3653	     0.552
 3654	     0.555
 3655	     0.620
 3656	     0.629
 3657	     0.625
 3658	     0.584
 3659	     0.559
 3660	     0.522
 3661	     0.535
 3662	     0.550
 3663	     0.647
 3664	     0.600
 3665	     0.619
 3666	     0.548
 3667	     0.630
 3668	     0.565
 3669	     0.592
 3670	     0.479
 3671	     0.613
 3672	     0.622
 3673	     0.505
 3674	     0.586
 3675	     0.601
 3676	     0.574
 3677	     0.628
 3678	     0.541
 3679	     0.587
 3680	     0.590
 3681	     0.605
 3682	     0.554
 3683	     0.581
 3684	     0.541
 3685	     0.594
 3686	     0.497
 3687	     0.534
 3688	     0.567
 3689	     0.527
 3690	     0.502
 3691	     0.552
 3692	     0.625
 3693	     0.671
 3694	     0.515
 3695	     0.613
 3696	     0.536
 3697	     0.548
 3698	     0.527
 3699	     0.576
 3700	     0.524
 3701	     0.609
 3702	     0.566
 3703	     0.558
 3704	     0.571
 3705	     0.554
 3706	     0.507
 3707	     0.521
 3708	     0.513
 3709	     0.589
 3710	     0.581
 3711	     0.621
 3712	     0.547
 3713	     0.540
 3714	     0.517
 3715	     0.501
 3716	     0.472
 3717	     0.588
 3718	     0.541
 3719	     0.653
 3720	     0.535
 3721	     0.475
 3722	     0.583
 3723	     0.551
 3724	     0.461
 3725	     0.539
 3726	     0.486
 3727	     0.611
 3728	     0.459
 3729	     0.533
 3730	     0.571
 3731	     0.553
 3732	     0.540
 3733	     0.559
 3734	     0.522
 3735	     0.618
 3736	     0.445
 3737	     0.522
 3738	     0.466
 3739	     0.503
 3740	     0.460
 3741	     0.598
 3742	     0.483
 3743	     0.581
 3744	     0.501
 3745	     0.543
 3746	     0.521
 3747	     0.465
 3748	     0.520
 3749	     0.588
 3750	     0.540
 3751	     0.514
 3752	     0.445
 3753	     0.562
 3754	     0.489
 3755	     0.565
 3756	     0.492
 3757	     0.507
 3758	     0.467
 3759	     0.441
 3760	     0.432
 3761	     0.393
 3762	     0.452
 3763	     0.480
 3764	     0.402
 3765	     0.446
 3766	     0.429
 3767	     0.415
 3768	     0.396
 3769	     0.223
 3770	     0.258
 3771	     0.264
 3772	     0.306
 3773	     0.234
 3774	     0.189
 3775	     0.266
 3776	     0.283
 3777	     0.159
 3778	     0.218
 3779	     0.324
 3780	     0.200
 3781	     0.346
 3782	     0.368
 3783	     0.312
 3784	     0.298
 3785	     0.354
 3786	     0.314
 3787	     0.359
 3788	     0.211
 3789	     0.397
 3790	     0.382
 3791	     0.417
 3792	     0.483
 3793	     0.377
 3794	     0.444
 3795	     0.499
 3796	     0.430
 3797	     0.333
 3798	     0.397
 3799	     0.408
 3800	     0.433
 3801	     0.456
 3802	     0.527
 3803	     0.317
 3804	     0.480
 3805	     0.522
 3806	     0.514
 3807	     0.368
 3808	     0.455
 3809	     0.499
 3810	     0.316
 3811	     0.507
 3812	     0.560
 3813	     0.469
 3814	     0.518
 3815	     0.441
 3816	     0.433
 3817	     0.461
 3818	     0.438
 3819	     0.454
 3820	     0.418
 3821	     0.508
 3822	     0.508
 3823	     0.450
 3824	     0.505
 3825	     0.442
 3826	     0.406
 3827	     0.502
 3828	     0.430
 3829	     0.450
 3830	     0.493
 3831	     0.552
 3832	     0.465
 3833	     0.449
 3834	     0.488
 3835	     0.446
 3836	     0.430
 3837	     0.533
 3838	     0.497
 3839	     0.478
 3840	     0.452
 3841	     0.408
 3842	     0.468
 3843	     0.447
 3844	     0.405
 3845	     0.420
 3846	     0.463
 3847	     0.342
 3848	     0.436
 3849	     0.446
 3850	     0.390
 3851	     0.507
 3852	     0.443
 3853	     0.403
 3854	     0.421
 3855	     0.421
 3856	     0.462
 3857	     0.438
 3858	     0.447
 3859	     0.471
 3860	     0.443
 3861	     0.434
 3862	     0.437
 3863	     0.383
 3864	     0.395
 3865	     0.381
 3866	     0.442
 3867	     0.420
 3868	     0.442
 3869	     0.408
 3870	     0.432
 3871	     0.389
 3872	     0.406
 3873	     0.464
 3874	     0.522
 3875	     0.407
 3876	     0.466
 3877	     0.466
 3878	     0.525
 3879	     0.413
 3880	     0.432
 3881	     0.408
 3882	     0.416
 3883	     0.435
 3884	     0.498
 3885	     0.453
 3886	     0.472
 3887	     0.389
 3888	     0.407
 3889	     0.391
 3890	     0.347
 3891	     0.380
 3892	     0.494
 3893	     0.398
 3894	     0.453
 3895	     0.449
 3896	     0.370
 3897	     0.357
 3898	     0.391
 3899	     0.371
 3900	     0.450
 3901	     0.378
 3902	     0.395
 3903	     0.327
 3904	     0.414
 3905	     0.381
 3906	     0.376
 3907	     0.350
 3908	     0.416
 3909	     0.495
 3910	     0.474
 3911	     0.367
 3912	     0.359
 3913	     0.375
 3914	     0.351
 3915	     0.381
 3916	     0.413
 3917	     0.390
 3918	     0.361
 3919	     0.307
 3920	     0.369
 3921	     0.360
 3922	     0.399
 3923	     0.364
 3924	     0.353
 3925	     0.440
 3926	     0.348
 3927	     0.290
 3928	     0.318
 3929	     0.361
 3930	     0.336
 3931	     0.334
 3932	     0.394
 3933	     0.416
 3934	     0.409
 3935	     0.368
 3936	     0.364
 3937	     0.301
 3938	     0.328
 3939	     0.339
 3940	     0.347
 3941	     0.309
 3942	     0.370
 3943	     0.377
 3944	     0.366
 3945	     0.327
 3946	     0.320
 3947	     0.322
 3948	     0.375
 3949	     0.365
 3950	     0.318
 3951	     0.363
 3952	     0.355
 3953	     0.289
 3954	     0.280
 3955	     0.393
 3956	     0.365
 3957	     0.297
 3958	     0.373
 3959	     0.327
 3960	     0.315
 3961	     0.330
 3962	     0.292
 3963	     0.301
 3964	     0.292
 3965	     0.251
 3966	     0.323
 3967	     0.346
 3968	     0.305
 3969	     0.374
 3970	     0.368
 3971	     0.287
 3972	     0.285
 3973	     0.309
 3974	     0.340
 3975	     0.272
 3976	     0.326
 3977	     0.322
 3978	     0.344
 3979	     0.279
 3980	     0.268
 3981	     0.331
 3982	     0.346
 3983	     0.277
 3984	     0.413
 3985	     0.298
 3986	     0.331
 3987	     0.286
 3988	     0.314
 3989	     0.330
 3990	     0.295
 3991	     0.290
 3992	     0.367
 3993	     0.317
 3994	     0.298
 3995	     0.250
 3996	     0.290
 3997	     0.272
 3998	     0.373
 3999	     0.324
 4000	     0.295
 4001	     0.322
 4002	     0.317
 4003	     0.259
 4004	     0.237
 4005	     0.247
 4006	     0.327
 4007	     0.326
 4008	     0.260
 4009	     0.233
 4010	     0.309
 4011	     0.281
 4012	     0.285
 4013	     0.219
 4014	     0.370
 4015	     0.250
 4016	     0.272
 4017	     0.251
 4018	     0.233
 4019	     0.236
 4020	     0.257
 4021	     0.211
 4022	     0.349
 4023	     0.278
 4024	     0.283
 4025	     0.260
 4026	     0.190
 4027	     0.255
 4028	     0.197
 4029	     0.253
 4030	     0.307
 4031	     0.219
 4032	     0.264
 4033	     0.248
 4034	     0.179
 4035	     0.284
 4036	     0.185
 4037	     0.176
 4038	     0.249
 4039	     0.227
 4040	     0.301
 4041	     0.267
 4042	     0.208
 4043	     0.239
 4044	     0.181
 4045	     0.171
 4046	     0.240
 4047	     0.242
 4048	     0.286
 4049	     0.239
 4050	     0.195
 4051	     0.173
 4052	     0.174
 4053	     0.167
 4054	     0.255
 4055	     0.199
 4056	     0.307
 4057	     0.233
 4058	     0.236
 4059	     0.161
 4060	     0.178
 4061	     0.174
 4062	     0.277
 4063	     0.219
 4064	     0.243
 4065	     0.257
 4066	     0.209
 4067	     0.155
 4068	     0.223
 4069	     0.198
 4070	     0.244
 4071	     0.207
 4072	     0.258
 4073	     0.257
 4074	     0.156
 4075	     0.160
 4076	     0.159
 4077	     0.152
 4078	     0.199
 4079	     0.256
 4080	     0.228
 4081	     0.169
 4082	     0.152
 4083	     0.174
 4084	     0.148
 4085	     0.143
 4086	     0.265
 4087	     0.223
 4088	     0.214
 4089	     0.155
 4090	     0.139
 4091	     0.158
 4092	     0.144
 4093	     0.139
 4094	     0.186
 4095	     0.198
 4096	     0.180
 4097	     0.190
 4098	     0.133
 4099	     0.137
 4100	     0.163
 4101	     0.149
 4102	     0.171
 4103	     0.200
 4104	     0.256
 4105	     0.168
 4106	     0.128
 4107	     0.130
 4108	     0.134
 4109	     0.131
 4110	     0.205
 4111	     0.137
 4112	     0.192
 4113	     0.139
 4114	     0.123
 4115	     0.126
 4116	     0.128
 4117	     0.125
 4118	     0.163
 4119	     0.153
 4120	     0.196
 4121	     0.160
 4122	     0.117
 4123	     0.130
 4124	     0.118
 4125	     0.115
 4126	     0.144
 4127	     0.152
 4128	     0.150
 4129	     0.183
 4130	     0.113
 4131	     0.122
 4132	     0.127
 4133	     0.113
 4134	     0.150
 4135	     0.139
 4136	     0.190
 4137	     0.161
 4138	     0.118
 4139	     0.110
 4140	     0.172
 4141	     0.130
 4142	     0.195
 4143	     0.151
 4144	     0.160
 4145	     0.155
 4146	     0.105
 4147	     0.101
 4148	     0.114
 4149	     0.116
 4150	     0.160
 4151	     0.163
 4152	     0.174
 4153	     0.147
 4154	     0.094
 4155	     0.095
 4156	     0.106
 4157	     0.101
 4158	     0.116
 4159	     0.151
 4160	     0.135
 4161	     0.138
 4162	     0.094
 4163	     0.091
 4164	     0.090
 4165	     0.096
 4166	     0.110
 4167	     0.102
 4168	     0.104
 4169	     0.096
 4170	     0.087
 4171	     0.096
 4172	     0.096
 4173	     0.080
 4174	     0.114
 4175	     0.092
 4176	     0.118
 4177	     0.119
 4178	     0.076
 4179	     0.124
 4180	     0.094
 4181	     0.070
 4182	     0.096
 4183	     0.071
 4184	     0.090
 4185	     0.085
 4186	     0.066
 4187	     0.064
 4188	     0.046
 4189	     0.056
 4190	     0.046
 4191	     0.063
 4192	     0.070
 4193	     0.051
 4194	     0.030
 4195	     0.036
 4196	     0.042
 4197	     0.032
 4198	     0.040
 4199	     0.048
 4200	     0.071
 4201	     0.055
 4202	     0.038
 4203	     0.040
 4204	     0.043
 4205	     0.051
 4206	     0.051
 4207	     0.046
 4208	     0.076
 4209	     0.062
 4210	     0.036
 4211	     0.055
 4212	     0.042
 4213	     0.058
 4214	     0.072
 4215	     0.061
 4216	     0.055
 4217	     0.072
 4218	     0.037
 4219	     0.054
 4220	     0.047
 4221	     0.039
 4222	     0.042
 4223	     0.049
 4224	     0.036
 4225	     0.070
 4226	     0.019
 4227	     0.067
 4228	     0.042
 4229	     0.042
 4230	     0.050
 4231	     0.044
 4232	     0.056
 4233	     0.060
 4234	     0.038
 4235	     0.064
 4236	     0.038
 4237	     0.034
 4238	     0.043
 4239	     0.036
 4240	     0.041
 4241	     0.051
 4242	     0.031
 4243	     0.047
 4244	     0.024
 4245	     0.029
 4246	     0.033
 4247	     0.031
 4248	     0.037
 4249	     0.042
 4250	     0.025
 4251	     0.029
 4252	     0.028
 4253	     0.023
 4254	     0.026
 4255	     0.039
 4256	     0.035
 4257	     0.033
 4258	     0.019
 4259	     0.021
 4260	     0.020
 4261	     0.017
 4262	     0.017
 4263	     0.029
 4264	     0.028
 4265	     0.023
 4266	     0.013
 4267	     0.015
 4268	     0.013
 4269	     0.012
 4270	     0.012
 4271	     0.017
 4272	     0.017
 4273	     0.013
 4274	     0.007
 4275	     0.008
 4276	     0.006
 4277	     0.006
 4278	     0.005
 4279	     0.006
 4280	     0.006
 4281	     0.003
 4282	     0.001
 4283	     0.001
