./main.o

    1	     0.000
    2	     0.000
    3	     0.000
    4	     0.001
    5	     0.001
    6	     0.001
    7	     0.001
    8	     0.001
    9	     0.001
   10	     0.001
   11	     0.001
   12	     0.001
   13	     0.001
   14	     0.002
   15	     0.002
   16	     0.002
   17	     0.001
   18	     0.001
   19	     0.001
   20	     0.002
   21	     0.002
   22	     0.002
   23	     0.002
   24	     0.002
   25	     0.002
   26	     0.001
   27	     0.002
   28	     0.002
   29	     0.003
   30	     0.002
   31	     0.002
   32	     0.002
   33	     0.002
   34	     0.002
   35	     0.001
   36	     0.003
   37	     0.002
   38	     0.003
   39	     0.002
   40	     0.002
   41	     0.003
   42	     0.002
   43	     0.003
   44	     0.004
   45	     0.003
   46	     0.004
   47	     0.003
   48	     0.002
   49	     0.004
   50	     0.003
   51	     0.003
   52	     0.003
   53	     0.002
   54	     0.004
   55	     0.004
   56	     0.003
   57	     0.005
   58	     0.003
   59	     0.003
   60	     0.004
   61	     0.003
   62	     0.004
   63	     0.004
   64	     0.003
   65	     0.004
   66	     0.003
   67	     0.003
   68	     0.005
   69	     0.003
   70	     0.005
   71	     0.005
   72	     0.003
   73	     0.005
   74	     0.003
   75	     0.003
   76	     0.005
   77	     0.005
   78	     0.006
   79	     0.005
   80	     0.004
   81	     0.005
   82	     0.004
   83	     0.005
   84	     0.006
   85	     0.006
   86	     0.006
   87	     0.006
   88	     0.006
   89	     0.007
   90	     0.005
   91	     0.004
   92	     0.006
   93	     0.006
   94	     0.006
   95	     0.007
   96	     0.007
   97	     0.007
   98	     0.004
   99	     0.004
  100	     0.007
  101	     0.005
  102	     0.008
  103	     0.007
  104	     0.005
  105	     0.007
  106	     0.005
  107	     0.004
  108	     0.007
  109	     0.005
  110	     0.007
  111	     0.007
  112	     0.004
  113	     0.007
  114	     0.004
  115	     0.005
  116	     0.008
  117	     0.005
  118	     0.008
  119	     0.008
  120	     0.005
  121	     0.009
  122	     0.005
  123	     0.006
  124	     0.007
  125	     0.007
  126	     0.009
  127	     0.009
  128	     0.005
  129	     0.008
  130	     0.006
  131	     0.005
  132	     0.006
  133	     0.008
  134	     0.006
  135	     0.008
  136	     0.007
  137	     0.007
  138	     0.006
  139	     0.005
  140	     0.006
  141	     0.009
  142	     0.007
  143	     0.007
  144	     0.009
  145	     0.010
  146	     0.007
  147	     0.006
  148	     0.010
  149	     0.010
  150	     0.006
  151	     0.009
  152	     0.010
  153	     0.010
  154	     0.006
  155	     0.006
  156	     0.010
  157	     0.010
  158	     0.007
  159	     0.009
  160	     0.011
  161	     0.011
  162	     0.008
  163	     0.007
  164	     0.008
  165	     0.009
  166	     0.008
  167	     0.011
  168	     0.009
  169	     0.012
  170	     0.011
  171	     0.007
  172	     0.011
  173	     0.012
  174	     0.011
  175	     0.010
  176	     0.008
  177	     0.012
  178	     0.010
  179	     0.011
  180	     0.010
  181	     0.012
  182	     0.012
  183	     0.009
  184	     0.011
  185	     0.012
  186	     0.009
  187	     0.011
  188	     0.011
  189	     0.011
  190	     0.012
  191	     0.012
  192	     0.011
  193	     0.013
  194	     0.011
  195	     0.012
  196	     0.011
  197	     0.008
  198	     0.008
  199	     0.013
  200	     0.010
  201	     0.013
  202	     0.013
  203	     0.010
  204	     0.008
  205	     0.009
  206	     0.009
  207	     0.014
  208	     0.009
  209	     0.014
  210	     0.013
  211	     0.013
  212	     0.010
  213	     0.008
  214	     0.008
  215	     0.013
  216	     0.010
  217	     0.014
  218	     0.014
  219	     0.013
  220	     0.015
  221	     0.009
  222	     0.012
  223	     0.011
  224	     0.009
  225	     0.014
  226	     0.010
  227	     0.010
  228	     0.015
  229	     0.009
  230	     0.015
  231	     0.009
  232	     0.010
  233	     0.015
  234	     0.010
  235	     0.013
  236	     0.015
  237	     0.011
  238	     0.014
  239	     0.010
  240	     0.011
  241	     0.017
  242	     0.009
  243	     0.015
  244	     0.015
  245	     0.015
  246	     0.012
  247	     0.011
  248	     0.011
  249	     0.015
  250	     0.015
  251	     0.016
  252	     0.017
  253	     0.017
  254	     0.011
  255	     0.010
  256	     0.010
  257	     0.016
  258	     0.016
  259	     0.016
  260	     0.018
  261	     0.015
  262	     0.010
  263	     0.012
  264	     0.012
  265	     0.015
  266	     0.016
  267	     0.018
  268	     0.016
  269	     0.017
  270	     0.010
  271	     0.011
  272	     0.012
  273	     0.011
  274	     0.012
  275	     0.017
  276	     0.017
  277	     0.018
  278	     0.011
  279	     0.012
  280	     0.011
  281	     0.011
  282	     0.011
  283	     0.017
  284	     0.013
  285	     0.018
  286	     0.011
  287	     0.012
  288	     0.011
  289	     0.011
  290	     0.012
  291	     0.018
  292	     0.012
  293	     0.012
  294	     0.011
  295	     0.012
  296	     0.012
  297	     0.012
  298	     0.012
  299	     0.019
  300	     0.014
  301	     0.016
  302	     0.012
  303	     0.017
  304	     0.012
  305	     0.012
  306	     0.013
  307	     0.021
  308	     0.013
  309	     0.019
  310	     0.013
  311	     0.020
  312	     0.013
  313	     0.014
  314	     0.012
  315	     0.019
  316	     0.012
  317	     0.018
  318	     0.014
  319	     0.019
  320	     0.014
  321	     0.012
  322	     0.013
  323	     0.020
  324	     0.014
  325	     0.021
  326	     0.014
  327	     0.019
  328	     0.013
  329	     0.020
  330	     0.018
  331	     0.021
  332	     0.014
  333	     0.022
  334	     0.014
  335	     0.019
  336	     0.014
  337	     0.013
  338	     0.021
  339	     0.019
  340	     0.013
  341	     0.021
  342	     0.013
  343	     0.013
  344	     0.014
  345	     0.015
  346	     0.023
  347	     0.020
  348	     0.018
  349	     0.021
  350	     0.014
  351	     0.014
  352	     0.014
  353	     0.014
  354	     0.022
  355	     0.021
  356	     0.021
  357	     0.022
  358	     0.015
  359	     0.016
  360	     0.013
  361	     0.014
  362	     0.022
  363	     0.023
  364	     0.020
  365	     0.023
  366	     0.017
  367	     0.014
  368	     0.015
  369	     0.014
  370	     0.023
  371	     0.024
  372	     0.024
  373	     0.022
  374	     0.015
  375	     0.014
  376	     0.015
  377	     0.015
  378	     0.014
  379	     0.024
  380	     0.023
  381	     0.023
  382	     0.016
  383	     0.020
  384	     0.015
  385	     0.016
  386	     0.015
  387	     0.023
  388	     0.015
  389	     0.025
  390	     0.018
  391	     0.016
  392	     0.022
  393	     0.014
  394	     0.015
  395	     0.020
  396	     0.023
  397	     0.023
  398	     0.019
  399	     0.015
  400	     0.024
  401	     0.022
  402	     0.016
  403	     0.016
  404	     0.026
  405	     0.026
  406	     0.017
  407	     0.016
  408	     0.025
  409	     0.026
  410	     0.018
  411	     0.017
  412	     0.025
  413	     0.025
  414	     0.024
  415	     0.019
  416	     0.024
  417	     0.025
  418	     0.018
  419	     0.016
  420	     0.025
  421	     0.030
  422	     0.025
  423	     0.018
  424	     0.022
  425	     0.028
  426	     0.016
  427	     0.016
  428	     0.017
  429	     0.020
  430	     0.019
  431	     0.018
  432	     0.020
  433	     0.016
  434	     0.017
  435	     0.016
  436	     0.028
  437	     0.021
  438	     0.029
  439	     0.017
  440	     0.025
  441	     0.032
  442	     0.022
  443	     0.029
  444	     0.028
  445	     0.017
  446	     0.027
  447	     0.017
  448	     0.028
  449	     0.022
  450	     0.025
  451	     0.021
  452	     0.025
  453	     0.024
  454	     0.028
  455	     0.018
  456	     0.028
  457	     0.028
  458	     0.027
  459	     0.024
  460	     0.028
  461	     0.028
  462	     0.027
  463	     0.027
  464	     0.030
  465	     0.026
  466	     0.028
  467	     0.019
  468	     0.028
  469	     0.028
  470	     0.025
  471	     0.025
  472	     0.023
  473	     0.028
  474	     0.027
  475	     0.020
  476	     0.030
  477	     0.030
  478	     0.022
  479	     0.018
  480	     0.028
  481	     0.029
  482	     0.026
  483	     0.020
  484	     0.032
  485	     0.028
  486	     0.018
  487	     0.020
  488	     0.019
  489	     0.028
  490	     0.027
  491	     0.019
  492	     0.029
  493	     0.029
  494	     0.019
  495	     0.018
  496	     0.020
  497	     0.032
  498	     0.028
  499	     0.019
  500	     0.028
  501	     0.029
  502	     0.020
  503	     0.020
  504	     0.018
  505	     0.028
  506	     0.029
  507	     0.019
  508	     0.031
  509	     0.020
  510	     0.022
  511	     0.020
  512	     0.019
  513	     0.031
  514	     0.031
  515	     0.019
  516	     0.032
  517	     0.019
  518	     0.018
  519	     0.019
  520	     0.019
  521	     0.032
  522	     0.031
  523	     0.021
  524	     0.030
  525	     0.019
  526	     0.020
  527	     0.019
  528	     0.020
  529	     0.033
  530	     0.031
  531	     0.020
  532	     0.032
  533	     0.022
  534	     0.020
  535	     0.020
  536	     0.019
  537	     0.030
  538	     0.027
  539	     0.020
  540	     0.029
  541	     0.033
  542	     0.022
  543	     0.020
  544	     0.020
  545	     0.030
  546	     0.020
  547	     0.021
  548	     0.034
  549	     0.035
  550	     0.024
  551	     0.020
  552	     0.020
  553	     0.032
  554	     0.021
  555	     0.021
  556	     0.031
  557	     0.032
  558	     0.031
  559	     0.020
  560	     0.023
  561	     0.030
  562	     0.027
  563	     0.020
  564	     0.020
  565	     0.033
  566	     0.032
  567	     0.033
  568	     0.022
  569	     0.022
  570	     0.021
  571	     0.029
  572	     0.022
  573	     0.032
  574	     0.035
  575	     0.033
  576	     0.021
  577	     0.021
  578	     0.021
  579	     0.034
  580	     0.030
  581	     0.023
  582	     0.036
  583	     0.033
  584	     0.021
  585	     0.021
  586	     0.022
  587	     0.036
  588	     0.037
  589	     0.021
  590	     0.034
  591	     0.034
  592	     0.021
  593	     0.022
  594	     0.024
  595	     0.034
  596	     0.033
  597	     0.021
  598	     0.034
  599	     0.033
  600	     0.023
  601	     0.022
  602	     0.025
  603	     0.033
  604	     0.028
  605	     0.022
  606	     0.036
  607	     0.036
  608	     0.024
  609	     0.022
  610	     0.022
  611	     0.035
  612	     0.022
  613	     0.029
  614	     0.032
  615	     0.037
  616	     0.022
  617	     0.023
  618	     0.023
  619	     0.036
  620	     0.024
  621	     0.031
  622	     0.034
  623	     0.034
  624	     0.023
  625	     0.023
  626	     0.024
  627	     0.038
  628	     0.026
  629	     0.023
  630	     0.034
  631	     0.036
  632	     0.024
  633	     0.023
  634	     0.024
  635	     0.035
  636	     0.032
  637	     0.025
  638	     0.037
  639	     0.038
  640	     0.023
  641	     0.034
  642	     0.023
  643	     0.029
  644	     0.025
  645	     0.029
  646	     0.038
  647	     0.037
  648	     0.024
  649	     0.026
  650	     0.025
  651	     0.024
  652	     0.024
  653	     0.038
  654	     0.038
  655	     0.037
  656	     0.023
  657	     0.029
  658	     0.035
  659	     0.025
  660	     0.024
  661	     0.042
  662	     0.033
  663	     0.035
  664	     0.023
  665	     0.038
  666	     0.036
  667	     0.033
  668	     0.025
  669	     0.038
  670	     0.026
  671	     0.037
  672	     0.028
  673	     0.027
  674	     0.030
  675	     0.036
  676	     0.023
  677	     0.037
  678	     0.024
  679	     0.040
  680	     0.038
  681	     0.025
  682	     0.025
  683	     0.037
  684	     0.025
  685	     0.040
  686	     0.025
  687	     0.026
  688	     0.034
  689	     0.025
  690	     0.025
  691	     0.038
  692	     0.025
  693	     0.037
  694	     0.024
  695	     0.026
  696	     0.025
  697	     0.025
  698	     0.025
  699	     0.040
  700	     0.027
  701	     0.039
  702	     0.024
  703	     0.026
  704	     0.026
  705	     0.027
  706	     0.027
  707	     0.038
  708	     0.029
  709	     0.039
  710	     0.025
  711	     0.025
  712	     0.032
  713	     0.027
  714	     0.026
  715	     0.039
  716	     0.037
  717	     0.038
  718	     0.027
  719	     0.027
  720	     0.029
  721	     0.025
  722	     0.025
  723	     0.039
  724	     0.027
  725	     0.037
  726	     0.027
  727	     0.025
  728	     0.026
  729	     0.026
  730	     0.025
  731	     0.042
  732	     0.028
  733	     0.037
  734	     0.025
  735	     0.026
  736	     0.029
  737	     0.027
  738	     0.027
  739	     0.045
  740	     0.025
  741	     0.041
  742	     0.026
  743	     0.026
  744	     0.026
  745	     0.027
  746	     0.028
  747	     0.040
  748	     0.038
  749	     0.032
  750	     0.025
  751	     0.029
  752	     0.030
  753	     0.027
  754	     0.027
  755	     0.042
  756	     0.042
  757	     0.025
  758	     0.028
  759	     0.026
  760	     0.026
  761	     0.027
  762	     0.026
  763	     0.042
  764	     0.035
  765	     0.036
  766	     0.030
  767	     0.027
  768	     0.027
  769	     0.027
  770	     0.027
  771	     0.040
  772	     0.031
  773	     0.040
  774	     0.043
  775	     0.033
  776	     0.027
  777	     0.029
  778	     0.029
  779	     0.030
  780	     0.037
  781	     0.040
  782	     0.043
  783	     0.034
  784	     0.030
  785	     0.035
  786	     0.026
  787	     0.037
  788	     0.028
  789	     0.034
  790	     0.044
  791	     0.045
  792	     0.029
  793	     0.028
  794	     0.037
  795	     0.028
  796	     0.027
  797	     0.027
  798	     0.030
  799	     0.028
  800	     0.027
  801	     0.038
  802	     0.043
  803	     0.029
  804	     0.047
  805	     0.041
  806	     0.038
  807	     0.029
  808	     0.034
  809	     0.032
  810	     0.046
  811	     0.028
  812	     0.037
  813	     0.037
  814	     0.027
  815	     0.034
  816	     0.037
  817	     0.041
  818	     0.039
  819	     0.028
  820	     0.028
  821	     0.028
  822	     0.029
  823	     0.047
  824	     0.031
  825	     0.028
  826	     0.033
  827	     0.029
  828	     0.029
  829	     0.030
  830	     0.031
  831	     0.047
  832	     0.035
  833	     0.028
  834	     0.046
  835	     0.030
  836	     0.032
  837	     0.046
  838	     0.043
  839	     0.043
  840	     0.033
  841	     0.035
  842	     0.041
  843	     0.038
  844	     0.035
  845	     0.039
  846	     0.028
  847	     0.046
  848	     0.038
  849	     0.040
  850	     0.049
  851	     0.036
  852	     0.041
  853	     0.029
  854	     0.028
  855	     0.040
  856	     0.031
  857	     0.032
  858	     0.043
  859	     0.045
  860	     0.032
  861	     0.031
  862	     0.033
  863	     0.040
  864	     0.040
  865	     0.030
  866	     0.046
  867	     0.047
  868	     0.032
  869	     0.030
  870	     0.033
  871	     0.046
  872	     0.029
  873	     0.044
  874	     0.039
  875	     0.047
  876	     0.039
  877	     0.046
  878	     0.044
  879	     0.045
  880	     0.047
  881	     0.048
  882	     0.031
  883	     0.043
  884	     0.045
  885	     0.033
  886	     0.031
  887	     0.033
  888	     0.049
  889	     0.040
  890	     0.032
  891	     0.030
  892	     0.047
  893	     0.030
  894	     0.032
  895	     0.034
  896	     0.038
  897	     0.032
  898	     0.030
  899	     0.033
  900	     0.031
  901	     0.032
  902	     0.043
  903	     0.033
  904	     0.033
  905	     0.030
  906	     0.031
  907	     0.031
  908	     0.032
  909	     0.041
  910	     0.045
  911	     0.038
  912	     0.031
  913	     0.031
  914	     0.031
  915	     0.035
  916	     0.032
  917	     0.046
  918	     0.032
  919	     0.049
  920	     0.037
  921	     0.031
  922	     0.033
  923	     0.035
  924	     0.043
  925	     0.046
  926	     0.031
  927	     0.043
  928	     0.033
  929	     0.032
  930	     0.035
  931	     0.031
  932	     0.034
  933	     0.045
  934	     0.036
  935	     0.046
  936	     0.042
  937	     0.047
  938	     0.048
  939	     0.031
  940	     0.031
  941	     0.048
  942	     0.038
  943	     0.032
  944	     0.047
  945	     0.038
  946	     0.049
  947	     0.045
  948	     0.032
  949	     0.034
  950	     0.038
  951	     0.031
  952	     0.040
  953	     0.045
  954	     0.051
  955	     0.054
  956	     0.032
  957	     0.031
  958	     0.031
  959	     0.032
  960	     0.052
  961	     0.051
  962	     0.037
  963	     0.050
  964	     0.037
  965	     0.032
  966	     0.031
  967	     0.042
  968	     0.049
  969	     0.055
  970	     0.031
  971	     0.051
  972	     0.039
  973	     0.041
  974	     0.042
  975	     0.050
  976	     0.048
  977	     0.041
  978	     0.037
  979	     0.051
  980	     0.050
  981	     0.035
  982	     0.053
  983	     0.048
  984	     0.031
  985	     0.051
  986	     0.051
  987	     0.053
  988	     0.054
  989	     0.032
  990	     0.043
  991	     0.051
  992	     0.033
  993	     0.051
  994	     0.051
  995	     0.057
  996	     0.038
  997	     0.033
  998	     0.033
  999	     0.051
 1000	     0.044
 1001	     0.039
 1002	     0.032
 1003	     0.051
 1004	     0.039
 1005	     0.033
 1006	     0.033
 1007	     0.052
 1008	     0.033
 1009	     0.043
 1010	     0.032
 1011	     0.051
 1012	     0.037
 1013	     0.035
 1014	     0.035
 1015	     0.057
 1016	     0.032
 1017	     0.041
 1018	     0.041
 1019	     0.045
 1020	     0.048
 1021	     0.036
 1022	     0.034
 1023	     0.053
 1024	     0.036
 1025	     0.039
 1026	     0.038
 1027	     0.037
 1028	     0.047
 1029	     0.033
 1030	     0.032
 1031	     0.053
 1032	     0.034
 1033	     0.049
 1034	     0.035
 1035	     0.032
 1036	     0.052
 1037	     0.036
 1038	     0.033
 1039	     0.055
 1040	     0.035
 1041	     0.037
 1042	     0.033
 1043	     0.036
 1044	     0.039
 1045	     0.034
 1046	     0.041
 1047	     0.056
 1048	     0.033
 1049	     0.033
 1050	     0.034
 1051	     0.035
 1052	     0.034
 1053	     0.036
 1054	     0.041
 1055	     0.034
 1056	     0.034
 1057	     0.042
 1058	     0.035
 1059	     0.036
 1060	     0.036
 1061	     0.036
 1062	     0.047
 1063	     0.040
 1064	     0.046
 1065	     0.054
 1066	     0.040
 1067	     0.039
 1068	     0.035
 1069	     0.053
 1070	     0.055
 1071	     0.053
 1072	     0.044
 1073	     0.049
 1074	     0.058
 1075	     0.048
 1076	     0.047
 1077	     0.056
 1078	     0.057
 1079	     0.054
 1080	     0.035
 1081	     0.053
 1082	     0.051
 1083	     0.036
 1084	     0.045
 1085	     0.056
 1086	     0.045
 1087	     0.037
 1088	     0.045
 1089	     0.055
 1090	     0.056
 1091	     0.036
 1092	     0.052
 1093	     0.055
 1094	     0.035
 1095	     0.035
 1096	     0.056
 1097	     0.055
 1098	     0.057
 1099	     0.033
 1100	     0.057
 1101	     0.053
 1102	     0.035
 1103	     0.035
 1104	     0.036
 1105	     0.059
 1106	     0.057
 1107	     0.034
 1108	     0.054
 1109	     0.054
 1110	     0.036
 1111	     0.037
 1112	     0.035
 1113	     0.061
 1114	     0.047
 1115	     0.035
 1116	     0.054
 1117	     0.041
 1118	     0.046
 1119	     0.036
 1120	     0.035
 1121	     0.055
 1122	     0.036
 1123	     0.035
 1124	     0.052
 1125	     0.035
 1126	     0.059
 1127	     0.035
 1128	     0.036
 1129	     0.049
 1130	     0.036
 1131	     0.048
 1132	     0.040
 1133	     0.055
 1134	     0.056
 1135	     0.035
 1136	     0.052
 1137	     0.036
 1138	     0.036
 1139	     0.038
 1140	     0.035
 1141	     0.035
 1142	     0.054
 1143	     0.037
 1144	     0.043
 1145	     0.038
 1146	     0.039
 1147	     0.035
 1148	     0.039
 1149	     0.035
 1150	     0.059
 1151	     0.059
 1152	     0.052
 1153	     0.035
 1154	     0.035
 1155	     0.035
 1156	     0.056
 1157	     0.044
 1158	     0.054
 1159	     0.064
 1160	     0.035
 1161	     0.036
 1162	     0.037
 1163	     0.037
 1164	     0.048
 1165	     0.037
 1166	     0.056
 1167	     0.047
 1168	     0.035
 1169	     0.037
 1170	     0.052
 1171	     0.042
 1172	     0.040
 1173	     0.037
 1174	     0.036
 1175	     0.058
 1176	     0.035
 1177	     0.061
 1178	     0.054
 1179	     0.035
 1180	     0.040
 1181	     0.051
 1182	     0.036
 1183	     0.047
 1184	     0.040
 1185	     0.041
 1186	     0.036
 1187	     0.037
 1188	     0.048
 1189	     0.042
 1190	     0.041
 1191	     0.040
 1192	     0.041
 1193	     0.036
 1194	     0.041
 1195	     0.059
 1196	     0.060
 1197	     0.037
 1198	     0.036
 1199	     0.035
 1200	     0.050
 1201	     0.037
 1202	     0.059
 1203	     0.061
 1204	     0.061
 1205	     0.060
 1206	     0.036
 1207	     0.036
 1208	     0.039
 1209	     0.037
 1210	     0.057
 1211	     0.051
 1212	     0.036
 1213	     0.058
 1214	     0.037
 1215	     0.040
 1216	     0.039
 1217	     0.053
 1218	     0.047
 1219	     0.042
 1220	     0.053
 1221	     0.046
 1222	     0.044
 1223	     0.041
 1224	     0.042
 1225	     0.044
 1226	     0.036
 1227	     0.037
 1228	     0.051
 1229	     0.039
 1230	     0.045
 1231	     0.042
 1232	     0.045
 1233	     0.038
 1234	     0.038
 1235	     0.044
 1236	     0.056
 1237	     0.039
 1238	     0.038
 1239	     0.046
 1240	     0.050
 1241	     0.048
 1242	     0.045
 1243	     0.039
 1244	     0.038
 1245	     0.037
 1246	     0.050
 1247	     0.057
 1248	     0.062
 1249	     0.063
 1250	     0.048
 1251	     0.040
 1252	     0.051
 1253	     0.038
 1254	     0.058
 1255	     0.052
 1256	     0.052
 1257	     0.056
 1258	     0.056
 1259	     0.058
 1260	     0.061
 1261	     0.051
 1262	     0.038
 1263	     0.044
 1264	     0.068
 1265	     0.038
 1266	     0.043
 1267	     0.056
 1268	     0.062
 1269	     0.047
 1270	     0.042
 1271	     0.048
 1272	     0.040
 1273	     0.048
 1274	     0.039
 1275	     0.043
 1276	     0.045
 1277	     0.052
 1278	     0.048
 1279	     0.059
 1280	     0.055
 1281	     0.059
 1282	     0.050
 1283	     0.056
 1284	     0.047
 1285	     0.059
 1286	     0.049
 1287	     0.063
 1288	     0.041
 1289	     0.063
 1290	     0.067
 1291	     0.041
 1292	     0.041
 1293	     0.058
 1294	     0.061
 1295	     0.046
 1296	     0.043
 1297	     0.042
 1298	     0.047
 1299	     0.045
 1300	     0.046
 1301	     0.061
 1302	     0.047
 1303	     0.062
 1304	     0.060
 1305	     0.039
 1306	     0.042
 1307	     0.038
 1308	     0.051
 1309	     0.058
 1310	     0.048
 1311	     0.049
 1312	     0.045
 1313	     0.050
 1314	     0.057
 1315	     0.046
 1316	     0.045
 1317	     0.039
 1318	     0.061
 1319	     0.041
 1320	     0.041
 1321	     0.056
 1322	     0.058
 1323	     0.053
 1324	     0.042
 1325	     0.055
 1326	     0.046
 1327	     0.056
 1328	     0.045
 1329	     0.049
 1330	     0.046
 1331	     0.053
 1332	     0.041
 1333	     0.064
 1334	     0.059
 1335	     0.067
 1336	     0.060
 1337	     0.040
 1338	     0.053
 1339	     0.064
 1340	     0.048
 1341	     0.064
 1342	     0.050
 1343	     0.059
 1344	     0.056
 1345	     0.040
 1346	     0.055
 1347	     0.061
 1348	     0.046
 1349	     0.057
 1350	     0.053
 1351	     0.045
 1352	     0.054
 1353	     0.040
 1354	     0.052
 1355	     0.068
 1356	     0.046
 1357	     0.039
 1358	     0.045
 1359	     0.058
 1360	     0.063
 1361	     0.043
 1362	     0.063
 1363	     0.064
 1364	     0.055
 1365	     0.062
 1366	     0.042
 1367	     0.053
 1368	     0.044
 1369	     0.053
 1370	     0.063
 1371	     0.061
 1372	     0.060
 1373	     0.043
 1374	     0.053
 1375	     0.043
 1376	     0.051
 1377	     0.052
 1378	     0.065
 1379	     0.060
 1380	     0.054
 1381	     0.050
 1382	     0.046
 1383	     0.040
 1384	     0.042
 1385	     0.062
 1386	     0.062
 1387	     0.064
 1388	     0.050
 1389	     0.040
 1390	     0.046
 1391	     0.041
 1392	     0.042
 1393	     0.045
 1394	     0.067
 1395	     0.042
 1396	     0.043
 1397	     0.040
 1398	     0.064
 1399	     0.041
 1400	     0.044
 1401	     0.049
 1402	     0.063
 1403	     0.042
 1404	     0.041
 1405	     0.040
 1406	     0.057
 1407	     0.045
 1408	     0.044
 1409	     0.041
 1410	     0.042
 1411	     0.060
 1412	     0.058
 1413	     0.042
 1414	     0.042
 1415	     0.041
 1416	     0.041
 1417	     0.041
 1418	     0.039
 1419	     0.066
 1420	     0.066
 1421	     0.067
 1422	     0.040
 1423	     0.041
 1424	     0.054
 1425	     0.041
 1426	     0.052
 1427	     0.056
 1428	     0.063
 1429	     0.059
 1430	     0.039
 1431	     0.041
 1432	     0.050
 1433	     0.068
 1434	     0.071
 1435	     0.040
 1436	     0.044
 1437	     0.058
 1438	     0.042
 1439	     0.053
 1440	     0.042
 1441	     0.064
 1442	     0.049
 1443	     0.041
 1444	     0.061
 1445	     0.060
 1446	     0.051
 1447	     0.065
 1448	     0.043
 1449	     0.060
 1450	     0.063
 1451	     0.042
 1452	     0.049
 1453	     0.059
 1454	     0.068
 1455	     0.053
 1456	     0.042
 1457	     0.054
 1458	     0.069
 1459	     0.047
 1460	     0.052
 1461	     0.061
 1462	     0.046
 1463	     0.043
 1464	     0.042
 1465	     0.042
 1466	     0.057
 1467	     0.072
 1468	     0.043
 1469	     0.044
 1470	     0.042
 1471	     0.058
 1472	     0.043
 1473	     0.053
 1474	     0.051
 1475	     0.054
 1476	     0.045
 1477	     0.044
 1478	     0.058
 1479	     0.044
 1480	     0.060
 1481	     0.044
 1482	     0.042
 1483	     0.044
 1484	     0.045
 1485	     0.045
 1486	     0.050
 1487	     0.051
 1488	     0.065
 1489	     0.042
 1490	     0.049
 1491	     0.042
 1492	     0.043
 1493	     0.048
 1494	     0.046
 1495	     0.043
 1496	     0.064
 1497	     0.044
 1498	     0.057
 1499	     0.047
 1500	     0.050
 1501	     0.066
 1502	     0.066
 1503	     0.043
 1504	     0.044
 1505	     0.046
 1506	     0.048
 1507	     0.060
 1508	     0.050
 1509	     0.067
 1510	     0.058
 1511	     0.042
 1512	     0.046
 1513	     0.049
 1514	     0.042
 1515	     0.065
 1516	     0.067
 1517	     0.069
 1518	     0.049
 1519	     0.072
 1520	     0.045
 1521	     0.043
 1522	     0.043
 1523	     0.069
 1524	     0.067
 1525	     0.065
 1526	     0.049
 1527	     0.067
 1528	     0.061
 1529	     0.056
 1530	     0.044
 1531	     0.065
 1532	     0.070
 1533	     0.044
 1534	     0.043
 1535	     0.063
 1536	     0.055
 1537	     0.044
 1538	     0.046
 1539	     0.070
 1540	     0.057
 1541	     0.049
 1542	     0.061
 1543	     0.055
 1544	     0.071
 1545	     0.060
 1546	     0.061
 1547	     0.054
 1548	     0.046
 1549	     0.059
 1550	     0.047
 1551	     0.056
 1552	     0.049
 1553	     0.055
 1554	     0.045
 1555	     0.047
 1556	     0.045
 1557	     0.043
 1558	     0.050
 1559	     0.054
 1560	     0.043
 1561	     0.056
 1562	     0.061
 1563	     0.069
 1564	     0.045
 1565	     0.042
 1566	     0.043
 1567	     0.062
 1568	     0.043
 1569	     0.069
 1570	     0.045
 1571	     0.069
 1572	     0.048
 1573	     0.046
 1574	     0.051
 1575	     0.044
 1576	     0.049
 1577	     0.073
 1578	     0.049
 1579	     0.056
 1580	     0.044
 1581	     0.056
 1582	     0.048
 1583	     0.047
 1584	     0.048
 1585	     0.064
 1586	     0.048
 1587	     0.043
 1588	     0.044
 1589	     0.048
 1590	     0.047
 1591	     0.045
 1592	     0.044
 1593	     0.043
 1594	     0.070
 1595	     0.065
 1596	     0.047
 1597	     0.071
 1598	     0.044
 1599	     0.044
 1600	     0.049
 1601	     0.044
 1602	     0.068
 1603	     0.071
 1604	     0.052
 1605	     0.074
 1606	     0.044
 1607	     0.043
 1608	     0.049
 1609	     0.061
 1610	     0.058
 1611	     0.072
 1612	     0.052
 1613	     0.071
 1614	     0.045
 1615	     0.050
 1616	     0.054
 1617	     0.052
 1618	     0.061
 1619	     0.066
 1620	     0.056
 1621	     0.064
 1622	     0.047
 1623	     0.073
 1624	     0.044
 1625	     0.058
 1626	     0.069
 1627	     0.044
 1628	     0.067
 1629	     0.046
 1630	     0.047
 1631	     0.059
 1632	     0.056
 1633	     0.071
 1634	     0.066
 1635	     0.048
 1636	     0.047
 1637	     0.048
 1638	     0.043
 1639	     0.062
 1640	     0.072
 1641	     0.070
 1642	     0.068
 1643	     0.071
 1644	     0.044
 1645	     0.070
 1646	     0.051
 1647	     0.072
 1648	     0.061
 1649	     0.061
 1650	     0.060
 1651	     0.044
 1652	     0.045
 1653	     0.053
 1654	     0.045
 1655	     0.057
 1656	     0.055
 1657	     0.056
 1658	     0.050
 1659	     0.044
 1660	     0.058
 1661	     0.044
 1662	     0.058
 1663	     0.071
 1664	     0.081
 1665	     0.069
 1666	     0.046
 1667	     0.050
 1668	     0.066
 1669	     0.047
 1670	     0.053
 1671	     0.053
 1672	     0.052
 1673	     0.056
 1674	     0.048
 1675	     0.049
 1676	     0.048
 1677	     0.051
 1678	     0.045
 1679	     0.067
 1680	     0.066
 1681	     0.047
 1682	     0.065
 1683	     0.078
 1684	     0.044
 1685	     0.044
 1686	     0.046
 1687	     0.055
 1688	     0.065
 1689	     0.058
 1690	     0.047
 1691	     0.069
 1692	     0.044
 1693	     0.046
 1694	     0.055
 1695	     0.048
 1696	     0.078
 1697	     0.058
 1698	     0.059
 1699	     0.073
 1700	     0.050
 1701	     0.047
 1702	     0.059
 1703	     0.051
 1704	     0.053
 1705	     0.045
 1706	     0.072
 1707	     0.074
 1708	     0.074
 1709	     0.051
 1710	     0.068
 1711	     0.064
 1712	     0.048
 1713	     0.047
 1714	     0.074
 1715	     0.077
 1716	     0.049
 1717	     0.045
 1718	     0.061
 1719	     0.066
 1720	     0.054
 1721	     0.049
 1722	     0.066
 1723	     0.075
 1724	     0.051
 1725	     0.052
 1726	     0.071
 1727	     0.074
 1728	     0.065
 1729	     0.046
 1730	     0.069
 1731	     0.072
 1732	     0.069
 1733	     0.046
 1734	     0.066
 1735	     0.074
 1736	     0.056
 1737	     0.044
 1738	     0.054
 1739	     0.069
 1740	     0.056
 1741	     0.049
 1742	     0.077
 1743	     0.070
 1744	     0.049
 1745	     0.059
 1746	     0.050
 1747	     0.050
 1748	     0.055
 1749	     0.065
 1750	     0.069
 1751	     0.046
 1752	     0.056
 1753	     0.064
 1754	     0.047
 1755	     0.054
 1756	     0.046
 1757	     0.071
 1758	     0.056
 1759	     0.048
 1760	     0.049
 1761	     0.050
 1762	     0.076
 1763	     0.056
 1764	     0.065
 1765	     0.069
 1766	     0.047
 1767	     0.050
 1768	     0.048
 1769	     0.046
 1770	     0.073
 1771	     0.073
 1772	     0.074
 1773	     0.063
 1774	     0.072
 1775	     0.049
 1776	     0.053
 1777	     0.046
 1778	     0.057
 1779	     0.072
 1780	     0.061
 1781	     0.073
 1782	     0.061
 1783	     0.068
 1784	     0.055
 1785	     0.055
 1786	     0.068
 1787	     0.076
 1788	     0.052
 1789	     0.046
 1790	     0.061
 1791	     0.063
 1792	     0.051
 1793	     0.057
 1794	     0.061
 1795	     0.082
 1796	     0.046
 1797	     0.046
 1798	     0.053
 1799	     0.049
 1800	     0.050
 1801	     0.045
 1802	     0.047
 1803	     0.071
 1804	     0.057
 1805	     0.048
 1806	     0.050
 1807	     0.051
 1808	     0.054
 1809	     0.048
 1810	     0.046
 1811	     0.071
 1812	     0.048
 1813	     0.050
 1814	     0.062
 1815	     0.046
 1816	     0.047
 1817	     0.066
 1818	     0.059
 1819	     0.065
 1820	     0.046
 1821	     0.056
 1822	     0.065
 1823	     0.050
 1824	     0.064
 1825	     0.069
 1826	     0.060
 1827	     0.064
 1828	     0.068
 1829	     0.047
 1830	     0.067
 1831	     0.049
 1832	     0.048
 1833	     0.072
 1834	     0.057
 1835	     0.047
 1836	     0.049
 1837	     0.057
 1838	     0.050
 1839	     0.067
 1840	     0.065
 1841	     0.079
 1842	     0.075
 1843	     0.047
 1844	     0.060
 1845	     0.061
 1846	     0.060
 1847	     0.077
 1848	     0.048
 1849	     0.047
 1850	     0.073
 1851	     0.051
 1852	     0.057
 1853	     0.058
 1854	     0.047
 1855	     0.067
 1856	     0.047
 1857	     0.069
 1858	     0.067
 1859	     0.053
 1860	     0.056
 1861	     0.063
 1862	     0.050
 1863	     0.049
 1864	     0.049
 1865	     0.069
 1866	     0.050
 1867	     0.077
 1868	     0.056
 1869	     0.058
 1870	     0.051
 1871	     0.051
 1872	     0.053
 1873	     0.056
 1874	     0.073
 1875	     0.074
 1876	     0.052
 1877	     0.075
 1878	     0.078
 1879	     0.065
 1880	     0.050
 1881	     0.047
 1882	     0.075
 1883	     0.074
 1884	     0.052
 1885	     0.046
 1886	     0.058
 1887	     0.047
 1888	     0.056
 1889	     0.062
 1890	     0.055
 1891	     0.060
 1892	     0.050
 1893	     0.051
 1894	     0.053
 1895	     0.060
 1896	     0.049
 1897	     0.053
 1898	     0.066
 1899	     0.081
 1900	     0.051
 1901	     0.056
 1902	     0.067
 1903	     0.073
 1904	     0.051
 1905	     0.073
 1906	     0.079
 1907	     0.064
 1908	     0.053
 1909	     0.076
 1910	     0.076
 1911	     0.072
 1912	     0.069
 1913	     0.065
 1914	     0.072
 1915	     0.068
 1916	     0.066
 1917	     0.079
 1918	     0.072
 1919	     0.078
 1920	     0.049
 1921	     0.050
 1922	     0.074
 1923	     0.076
 1924	     0.049
 1925	     0.072
 1926	     0.081
 1927	     0.073
 1928	     0.050
 1929	     0.054
 1930	     0.062
 1931	     0.070
 1932	     0.052
 1933	     0.063
 1934	     0.058
 1935	     0.059
 1936	     0.058
 1937	     0.079
 1938	     0.054
 1939	     0.065
 1940	     0.071
 1941	     0.072
 1942	     0.077
 1943	     0.053
 1944	     0.077
 1945	     0.074
 1946	     0.048
 1947	     0.049
 1948	     0.076
 1949	     0.051
 1950	     0.077
 1951	     0.066
 1952	     0.081
 1953	     0.050
 1954	     0.058
 1955	     0.050
 1956	     0.071
 1957	     0.079
 1958	     0.069
 1959	     0.060
 1960	     0.072
 1961	     0.048
 1962	     0.074
 1963	     0.056
 1964	     0.068
 1965	     0.080
 1966	     0.062
 1967	     0.057
 1968	     0.049
 1969	     0.050
 1970	     0.080
 1971	     0.081
 1972	     0.056
 1973	     0.073
 1974	     0.074
 1975	     0.048
 1976	     0.055
 1977	     0.071
 1978	     0.060
 1979	     0.063
 1980	     0.067
 1981	     0.074
 1982	     0.051
 1983	     0.050
 1984	     0.075
 1985	     0.054
 1986	     0.051
 1987	     0.074
 1988	     0.076
 1989	     0.079
 1990	     0.051
 1991	     0.048
 1992	     0.074
 1993	     0.048
 1994	     0.053
 1995	     0.051
 1996	     0.072
 1997	     0.082
 1998	     0.051
 1999	     0.049
 2000	     0.075
 2001	     0.052
 2002	     0.052
 2003	     0.063
 2004	     0.078
 2005	     0.055
 2006	     0.059
 2007	     0.051
 2008	     0.056
 2009	     0.055
 2010	     0.051
 2011	     0.086
 2012	     0.076
 2013	     0.050
 2014	     0.053
 2015	     0.063
 2016	     0.052
 2017	     0.060
 2018	     0.059
 2019	     0.078
 2020	     0.060
 2021	     0.051
 2022	     0.071
 2023	     0.051
 2024	     0.061
 2025	     0.052
 2026	     0.077
 2027	     0.078
 2028	     0.059
 2029	     0.051
 2030	     0.081
 2031	     0.051
 2032	     0.056
 2033	     0.050
 2034	     0.076
 2035	     0.071
 2036	     0.081
 2037	     0.058
 2038	     0.077
 2039	     0.050
 2040	     0.061
 2041	     0.050
 2042	     0.074
 2043	     0.083
 2044	     0.067
 2045	     0.066
 2046	     0.071
 2047	     0.053
 2048	     0.064
 2049	     0.071
 2050	     0.054
 2051	     0.064
 2052	     0.051
 2053	     0.067
 2054	     0.070
 2055	     0.067
 2056	     0.053
 2057	     0.074
 2058	     0.050
 2059	     0.050
 2060	     0.054
 2061	     0.079
 2062	     0.072
 2063	     0.071
 2064	     0.066
 2065	     0.073
 2066	     0.056
 2067	     0.055
 2068	     0.069
 2069	     0.080
 2070	     0.078
 2071	     0.065
 2072	     0.075
 2073	     0.065
 2074	     0.064
 2075	     0.072
 2076	     0.067
 2077	     0.066
 2078	     0.079
 2079	     0.074
 2080	     0.057
 2081	     0.076
 2082	     0.077
 2083	     0.056
 2084	     0.065
 2085	     0.064
 2086	     0.080
 2087	     0.062
 2088	     0.078
 2089	     0.050
 2090	     0.087
 2091	     0.077
 2092	     0.054
 2093	     0.079
 2094	     0.080
 2095	     0.057
 2096	     0.074
 2097	     0.073
 2098	     0.074
 2099	     0.053
 2100	     0.051
 2101	     0.074
 2102	     0.063
 2103	     0.056
 2104	     0.059
 2105	     0.074
 2106	     0.081
 2107	     0.060
 2108	     0.057
 2109	     0.059
 2110	     0.050
 2111	     0.062
 2112	     0.051
 2113	     0.059
 2114	     0.076
 2115	     0.052
 2116	     0.054
 2117	     0.065
 2118	     0.057
 2119	     0.052
 2120	     0.058
 2121	     0.076
 2122	     0.054
 2123	     0.050
 2124	     0.050
 2125	     0.051
 2126	     0.058
 2127	     0.078
 2128	     0.056
 2129	     0.079
 2130	     0.062
 2131	     0.053
 2132	     0.051
 2133	     0.063
 2134	     0.078
 2135	     0.077
 2136	     0.051
 2137	     0.075
 2138	     0.057
 2139	     0.066
 2140	     0.062
 2141	     0.055
 2142	     0.078
 2143	     0.061
 2144	     0.056
 2145	     0.079
 2146	     0.070
 2147	     0.059
 2148	     0.067
 2149	     0.084
 2150	     0.056
 2151	     0.067
 2152	     0.056
 2153	     0.055
 2154	     0.056
 2155	     0.057
 2156	     0.066
 2157	     0.057
 2158	     0.065
 2159	     0.058
 2160	     0.075
 2161	     0.057
 2162	     0.053
 2163	     0.068
 2164	     0.077
 2165	     0.073
 2166	     0.070
 2167	     0.055
 2168	     0.056
 2169	     0.051
 2170	     0.066
 2171	     0.053
 2172	     0.075
 2173	     0.069
 2174	     0.082
 2175	     0.076
 2176	     0.057
 2177	     0.063
 2178	     0.072
 2179	     0.055
 2180	     0.074
 2181	     0.053
 2182	     0.064
 2183	     0.060
 2184	     0.054
 2185	     0.075
 2186	     0.063
 2187	     0.078
 2188	     0.085
 2189	     0.059
 2190	     0.074
 2191	     0.082
 2192	     0.081
 2193	     0.076
 2194	     0.063
 2195	     0.076
 2196	     0.057
 2197	     0.064
 2198	     0.079
 2199	     0.078
 2200	     0.074
 2201	     0.069
 2202	     0.052
 2203	     0.063
 2204	     0.060
 2205	     0.079
 2206	     0.063
 2207	     0.074
 2208	     0.088
 2209	     0.055
 2210	     0.054
 2211	     0.054
 2212	     0.075
 2213	     0.081
 2214	     0.069
 2215	     0.077
 2216	     0.070
 2217	     0.053
 2218	     0.063
 2219	     0.057
 2220	     0.086
 2221	     0.059
 2222	     0.051
 2223	     0.080
 2224	     0.062
 2225	     0.054
 2226	     0.052
 2227	     0.073
 2228	     0.077
 2229	     0.064
 2230	     0.055
 2231	     0.055
 2232	     0.083
 2233	     0.053
 2234	     0.059
 2235	     0.064
 2236	     0.079
 2237	     0.075
 2238	     0.069
 2239	     0.056
 2240	     0.066
 2241	     0.052
 2242	     0.051
 2243	     0.054
 2244	     0.063
 2245	     0.080
 2246	     0.079
 2247	     0.060
 2248	     0.052
 2249	     0.050
 2250	     0.064
 2251	     0.055
 2252	     0.053
 2253	     0.066
 2254	     0.062
 2255	     0.059
 2256	     0.056
 2257	     0.051
 2258	     0.077
 2259	     0.067
 2260	     0.058
 2261	     0.056
 2262	     0.051
 2263	     0.054
 2264	     0.070
 2265	     0.054
 2266	     0.071
 2267	     0.068
 2268	     0.058
 2269	     0.061
 2270	     0.055
 2271	     0.060
 2272	     0.085
 2273	     0.054
 2274	     0.054
 2275	     0.068
 2276	     0.066
 2277	     0.054
 2278	     0.061
 2279	     0.062
 2280	     0.083
 2281	     0.051
 2282	     0.074
 2283	     0.065
 2284	     0.078
 2285	     0.054
 2286	     0.059
 2287	     0.070
 2288	     0.068
 2289	     0.059
 2290	     0.080
 2291	     0.071
 2292	     0.078
 2293	     0.054
 2294	     0.053
 2295	     0.052
 2296	     0.053
 2297	     0.061
 2298	     0.060
 2299	     0.086
 2300	     0.053
 2301	     0.061
 2302	     0.068
 2303	     0.055
 2304	     0.062
 2305	     0.063
 2306	     0.083
 2307	     0.068
 2308	     0.055
 2309	     0.057
 2310	     0.052
 2311	     0.084
 2312	     0.080
 2313	     0.071
 2314	     0.076
 2315	     0.053
 2316	     0.067
 2317	     0.056
 2318	     0.055
 2319	     0.088
 2320	     0.054
 2321	     0.052
 2322	     0.055
 2323	     0.055
 2324	     0.054
 2325	     0.080
 2326	     0.060
 2327	     0.078
 2328	     0.066
 2329	     0.063
 2330	     0.073
 2331	     0.057
 2332	     0.074
 2333	     0.075
 2334	     0.051
 2335	     0.072
 2336	     0.055
 2337	     0.083
 2338	     0.067
 2339	     0.059
 2340	     0.054
 2341	     0.078
 2342	     0.076
 2343	     0.069
 2344	     0.062
 2345	     0.071
 2346	     0.052
 2347	     0.052
 2348	     0.055
 2349	     0.060
 2350	     0.079
 2351	     0.063
 2352	     0.080
 2353	     0.056
 2354	     0.067
 2355	     0.075
 2356	     0.055
 2357	     0.078
 2358	     0.067
 2359	     0.052
 2360	     0.079
 2361	     0.071
 2362	     0.054
 2363	     0.080
 2364	     0.056
 2365	     0.085
 2366	     0.077
 2367	     0.053
 2368	     0.074
 2369	     0.067
 2370	     0.057
 2371	     0.056
 2372	     0.076
 2373	     0.061
 2374	     0.080
 2375	     0.053
 2376	     0.076
 2377	     0.055
 2378	     0.055
 2379	     0.053
 2380	     0.050
 2381	     0.053
 2382	     0.056
 2383	     0.056
 2384	     0.086
 2385	     0.052
 2386	     0.051
 2387	     0.054
 2388	     0.052
 2389	     0.058
 2390	     0.052
 2391	     0.076
 2392	     0.065
 2393	     0.061
 2394	     0.067
 2395	     0.054
 2396	     0.055
 2397	     0.062
 2398	     0.072
 2399	     0.075
 2400	     0.055
 2401	     0.055
 2402	     0.080
 2403	     0.057
 2404	     0.056
 2405	     0.070
 2406	     0.077
 2407	     0.052
 2408	     0.069
 2409	     0.056
 2410	     0.065
 2411	     0.057
 2412	     0.071
 2413	     0.077
 2414	     0.056
 2415	     0.052
 2416	     0.071
 2417	     0.052
 2418	     0.052
 2419	     0.077
 2420	     0.074
 2421	     0.079
 2422	     0.057
 2423	     0.058
 2424	     0.065
 2425	     0.052
 2426	     0.066
 2427	     0.082
 2428	     0.062
 2429	     0.079
 2430	     0.072
 2431	     0.071
 2432	     0.073
 2433	     0.058
 2434	     0.082
 2435	     0.077
 2436	     0.057
 2437	     0.088
 2438	     0.053
 2439	     0.080
 2440	     0.079
 2441	     0.053
 2442	     0.079
 2443	     0.058
 2444	     0.067
 2445	     0.070
 2446	     0.055
 2447	     0.082
 2448	     0.075
 2449	     0.068
 2450	     0.079
 2451	     0.053
 2452	     0.078
 2453	     0.077
 2454	     0.078
 2455	     0.083
 2456	     0.083
 2457	     0.089
 2458	     0.079
 2459	     0.054
 2460	     0.054
 2461	     0.080
 2462	     0.063
 2463	     0.088
 2464	     0.078
 2465	     0.055
 2466	     0.082
 2467	     0.053
 2468	     0.055
 2469	     0.085
 2470	     0.057
 2471	     0.081
 2472	     0.077
 2473	     0.054
 2474	     0.064
 2475	     0.060
 2476	     0.058
 2477	     0.075
 2478	     0.073
 2479	     0.081
 2480	     0.081
 2481	     0.055
 2482	     0.086
 2483	     0.079
 2484	     0.079
 2485	     0.077
 2486	     0.054
 2487	     0.083
 2488	     0.084
 2489	     0.055
 2490	     0.087
 2491	     0.077
 2492	     0.054
 2493	     0.062
 2494	     0.071
 2495	     0.084
 2496	     0.089
 2497	     0.051
 2498	     0.076
 2499	     0.077
 2500	     0.061
 2501	     0.053
 2502	     0.075
 2503	     0.062
 2504	     0.069
 2505	     0.064
 2506	     0.071
 2507	     0.078
 2508	     0.056
 2509	     0.053
 2510	     0.052
 2511	     0.054
 2512	     0.064
 2513	     0.075
 2514	     0.070
 2515	     0.079
 2516	     0.078
 2517	     0.051
 2518	     0.077
 2519	     0.080
 2520	     0.057
 2521	     0.078
 2522	     0.080
 2523	     0.076
 2524	     0.075
 2525	     0.075
 2526	     0.080
 2527	     0.081
 2528	     0.060
 2529	     0.077
 2530	     0.077
 2531	     0.060
 2532	     0.076
 2533	     0.061
 2534	     0.082
 2535	     0.077
 2536	     0.051
 2537	     0.079
 2538	     0.079
 2539	     0.057
 2540	     0.064
 2541	     0.055
 2542	     0.074
 2543	     0.076
 2544	     0.052
 2545	     0.053
 2546	     0.057
 2547	     0.053
 2548	     0.058
 2549	     0.057
 2550	     0.052
 2551	     0.079
 2552	     0.053
 2553	     0.055
 2554	     0.070
 2555	     0.055
 2556	     0.051
 2557	     0.056
 2558	     0.053
 2559	     0.076
 2560	     0.055
 2561	     0.056
 2562	     0.063
 2563	     0.053
 2564	     0.052
 2565	     0.052
 2566	     0.054
 2567	     0.068
 2568	     0.056
 2569	     0.053
 2570	     0.052
 2571	     0.053
 2572	     0.062
 2573	     0.051
 2574	     0.080
 2575	     0.078
 2576	     0.052
 2577	     0.077
 2578	     0.052
 2579	     0.057
 2580	     0.074
 2581	     0.058
 2582	     0.056
 2583	     0.061
 2584	     0.055
 2585	     0.079
 2586	     0.051
 2587	     0.065
 2588	     0.088
 2589	     0.052
 2590	     0.052
 2591	     0.053
 2592	     0.055
 2593	     0.075
 2594	     0.059
 2595	     0.076
 2596	     0.074
 2597	     0.052
 2598	     0.074
 2599	     0.055
 2600	     0.056
 2601	     0.083
 2602	     0.052
 2603	     0.070
 2604	     0.054
 2605	     0.073
 2606	     0.082
 2607	     0.053
 2608	     0.053
 2609	     0.078
 2610	     0.053
 2611	     0.057
 2612	     0.052
 2613	     0.083
 2614	     0.085
 2615	     0.061
 2616	     0.078
 2617	     0.078
 2618	     0.070
 2619	     0.056
 2620	     0.056
 2621	     0.087
 2622	     0.075
 2623	     0.075
 2624	     0.063
 2625	     0.078
 2626	     0.079
 2627	     0.067
 2628	     0.053
 2629	     0.076
 2630	     0.078
 2631	     0.069
 2632	     0.057
 2633	     0.057
 2634	     0.077
 2635	     0.070
 2636	     0.052
 2637	     0.062
 2638	     0.068
 2639	     0.075
 2640	     0.085
 2641	     0.051
 2642	     0.076
 2643	     0.067
 2644	     0.055
 2645	     0.066
 2646	     0.055
 2647	     0.067
 2648	     0.073
 2649	     0.052
 2650	     0.058
 2651	     0.073
 2652	     0.057
 2653	     0.077
 2654	     0.053
 2655	     0.052
 2656	     0.072
 2657	     0.053
 2658	     0.068
 2659	     0.076
 2660	     0.060
 2661	     0.073
 2662	     0.060
 2663	     0.056
 2664	     0.078
 2665	     0.071
 2666	     0.075
 2667	     0.063
 2668	     0.067
 2669	     0.058
 2670	     0.072
 2671	     0.060
 2672	     0.082
 2673	     0.063
 2674	     0.060
 2675	     0.076
 2676	     0.062
 2677	     0.056
 2678	     0.068
 2679	     0.072
 2680	     0.080
 2681	     0.062
 2682	     0.067
 2683	     0.073
 2684	     0.054
 2685	     0.073
 2686	     0.075
 2687	     0.070
 2688	     0.079
 2689	     0.067
 2690	     0.080
 2691	     0.077
 2692	     0.060
 2693	     0.079
 2694	     0.067
 2695	     0.077
 2696	     0.072
 2697	     0.078
 2698	     0.075
 2699	     0.085
 2700	     0.065
 2701	     0.061
 2702	     0.078
 2703	     0.078
 2704	     0.078
 2705	     0.062
 2706	     0.063
 2707	     0.078
 2708	     0.065
 2709	     0.055
 2710	     0.070
 2711	     0.061
 2712	     0.083
 2713	     0.076
 2714	     0.077
 2715	     0.079
 2716	     0.073
 2717	     0.080
 2718	     0.062
 2719	     0.058
 2720	     0.063
 2721	     0.070
 2722	     0.077
 2723	     0.081
 2724	     0.058
 2725	     0.085
 2726	     0.075
 2727	     0.057
 2728	     0.086
 2729	     0.060
 2730	     0.083
 2731	     0.079
 2732	     0.068
 2733	     0.078
 2734	     0.064
 2735	     0.079
 2736	     0.073
 2737	     0.066
 2738	     0.065
 2739	     0.077
 2740	     0.069
 2741	     0.080
 2742	     0.071
 2743	     0.063
 2744	     0.064
 2745	     0.066
 2746	     0.058
 2747	     0.061
 2748	     0.076
 2749	     0.078
 2750	     0.056
 2751	     0.064
 2752	     0.078
 2753	     0.069
 2754	     0.052
 2755	     0.057
 2756	     0.057
 2757	     0.063
 2758	     0.060
 2759	     0.076
 2760	     0.064
 2761	     0.073
 2762	     0.054
 2763	     0.065
 2764	     0.063
 2765	     0.086
 2766	     0.076
 2767	     0.075
 2768	     0.054
 2769	     0.079
 2770	     0.080
 2771	     0.067
 2772	     0.053
 2773	     0.076
 2774	     0.078
 2775	     0.069
 2776	     0.081
 2777	     0.067
 2778	     0.083
 2779	     0.067
 2780	     0.052
 2781	     0.077
 2782	     0.052
 2783	     0.074
 2784	     0.066
 2785	     0.084
 2786	     0.071
 2787	     0.073
 2788	     0.052
 2789	     0.069
 2790	     0.069
 2791	     0.073
 2792	     0.052
 2793	     0.077
 2794	     0.061
 2795	     0.069
 2796	     0.057
 2797	     0.080
 2798	     0.087
 2799	     0.069
 2800	     0.069
 2801	     0.080
 2802	     0.064
 2803	     0.071
 2804	     0.061
 2805	     0.074
 2806	     0.061
 2807	     0.063
 2808	     0.054
 2809	     0.083
 2810	     0.070
 2811	     0.078
 2812	     0.055
 2813	     0.067
 2814	     0.054
 2815	     0.070
 2816	     0.058
 2817	     0.056
 2818	     0.053
 2819	     0.067
 2820	     0.071
 2821	     0.078
 2822	     0.071
 2823	     0.065
 2824	     0.061
 2825	     0.052
 2826	     0.053
 2827	     0.052
 2828	     0.057
 2829	     0.068
 2830	     0.074
 2831	     0.068
 2832	     0.051
 2833	     0.059
 2834	     0.064
 2835	     0.058
 2836	     0.057
 2837	     0.058
 2838	     0.058
 2839	     0.062
 2840	     0.067
 2841	     0.077
 2842	     0.083
 2843	     0.061
 2844	     0.066
 2845	     0.051
 2846	     0.063
 2847	     0.058
 2848	     0.080
 2849	     0.071
 2850	     0.070
 2851	     0.059
 2852	     0.060
 2853	     0.064
 2854	     0.053
 2855	     0.053
 2856	     0.063
 2857	     0.078
 2858	     0.050
 2859	     0.076
 2860	     0.059
 2861	     0.054
 2862	     0.051
 2863	     0.056
 2864	     0.064
 2865	     0.066
 2866	     0.052
 2867	     0.075
 2868	     0.072
 2869	     0.051
 2870	     0.074
 2871	     0.051
 2872	     0.064
 2873	     0.078
 2874	     0.066
 2875	     0.073
 2876	     0.071
 2877	     0.050
 2878	     0.073
 2879	     0.059
 2880	     0.057
 2881	     0.056
 2882	     0.065
 2883	     0.064
 2884	     0.074
 2885	     0.050
 2886	     0.073
 2887	     0.064
 2888	     0.056
 2889	     0.057
 2890	     0.051
 2891	     0.050
 2892	     0.066
 2893	     0.049
 2894	     0.078
 2895	     0.073
 2896	     0.064
 2897	     0.050
 2898	     0.051
 2899	     0.050
 2900	     0.068
 2901	     0.072
 2902	     0.067
 2903	     0.076
 2904	     0.057
 2905	     0.049
 2906	     0.051
 2907	     0.064
 2908	     0.068
 2909	     0.083
 2910	     0.056
 2911	     0.051
 2912	     0.068
 2913	     0.050
 2914	     0.053
 2915	     0.075
 2916	     0.058
 2917	     0.069
 2918	     0.050
 2919	     0.051
 2920	     0.077
 2921	     0.058
 2922	     0.058
 2923	     0.074
 2924	     0.051
 2925	     0.058
 2926	     0.054
 2927	     0.053
 2928	     0.080
 2929	     0.065
 2930	     0.068
 2931	     0.066
 2932	     0.054
 2933	     0.066
 2934	     0.073
 2935	     0.054
 2936	     0.059
 2937	     0.072
 2938	     0.065
 2939	     0.053
 2940	     0.064
 2941	     0.079
 2942	     0.074
 2943	     0.055
 2944	     0.076
 2945	     0.074
 2946	     0.052
 2947	     0.053
 2948	     0.056
 2949	     0.054
 2950	     0.071
 2951	     0.071
 2952	     0.070
 2953	     0.073
 2954	     0.053
 2955	     0.055
 2956	     0.049
 2957	     0.048
 2958	     0.075
 2959	     0.070
 2960	     0.070
 2961	     0.062
 2962	     0.076
 2963	     0.059
 2964	     0.051
 2965	     0.053
 2966	     0.059
 2967	     0.079
 2968	     0.079
 2969	     0.066
 2970	     0.070
 2971	     0.076
 2972	     0.053
 2973	     0.053
 2974	     0.070
 2975	     0.068
 2976	     0.065
 2977	     0.057
 2978	     0.048
 2979	     0.074
 2980	     0.057
 2981	     0.067
 2982	     0.066
 2983	     0.048
 2984	     0.077
 2985	     0.051
 2986	     0.050
 2987	     0.079
 2988	     0.076
 2989	     0.071
 2990	     0.070
 2991	     0.050
 2992	     0.070
 2993	     0.052
 2994	     0.059
 2995	     0.073
 2996	     0.071
 2997	     0.067
 2998	     0.049
 2999	     0.057
 3000	     0.049
 3001	     0.073
 3002	     0.072
 3003	     0.075
 3004	     0.061
 3005	     0.050
 3006	     0.050
 3007	     0.082
 3008	     0.053
 3009	     0.071
 3010	     0.051
 3011	     0.067
 3012	     0.063
 3013	     0.053
 3014	     0.056
 3015	     0.056
 3016	     0.067
 3017	     0.073
 3018	     0.049
 3019	     0.069
 3020	     0.063
 3021	     0.056
 3022	     0.048
 3023	     0.057
 3024	     0.073
 3025	     0.075
 3026	     0.053
 3027	     0.055
 3028	     0.070
 3029	     0.048
 3030	     0.070
 3031	     0.057
 3032	     0.074
 3033	     0.074
 3034	     0.083
 3035	     0.051
 3036	     0.052
 3037	     0.051
 3038	     0.072
 3039	     0.048
 3040	     0.078
 3041	     0.058
 3042	     0.070
 3043	     0.056
 3044	     0.049
 3045	     0.071
 3046	     0.073
 3047	     0.054
 3048	     0.069
 3049	     0.071
 3050	     0.072
 3051	     0.063
 3052	     0.050
 3053	     0.064
 3054	     0.053
 3055	     0.048
 3056	     0.065
 3057	     0.059
 3058	     0.068
 3059	     0.071
 3060	     0.055
 3061	     0.066
 3062	     0.049
 3063	     0.049
 3064	     0.049
 3065	     0.067
 3066	     0.059
 3067	     0.055
 3068	     0.048
 3069	     0.058
 3070	     0.048
 3071	     0.070
 3072	     0.052
 3073	     0.051
 3074	     0.059
 3075	     0.061
 3076	     0.048
 3077	     0.054
 3078	     0.053
 3079	     0.059
 3080	     0.053
 3081	     0.048
 3082	     0.060
 3083	     0.051
 3084	     0.049
 3085	     0.053
 3086	     0.080
 3087	     0.056
 3088	     0.047
 3089	     0.048
 3090	     0.072
 3091	     0.061
 3092	     0.052
 3093	     0.061
 3094	     0.061
 3095	     0.065
 3096	     0.047
 3097	     0.049
 3098	     0.051
 3099	     0.058
 3100	     0.047
 3101	     0.072
 3102	     0.064
 3103	     0.049
 3104	     0.049
 3105	     0.054
 3106	     0.080
 3107	     0.047
 3108	     0.048
 3109	     0.047
 3110	     0.058
 3111	     0.049
 3112	     0.056
 3113	     0.068
 3114	     0.069
 3115	     0.054
 3116	     0.050
 3117	     0.049
 3118	     0.055
 3119	     0.059
 3120	     0.070
 3121	     0.068
 3122	     0.058
 3123	     0.070
 3124	     0.052
 3125	     0.066
 3126	     0.052
 3127	     0.057
 3128	     0.062
 3129	     0.049
 3130	     0.052
 3131	     0.067
 3132	     0.057
 3133	     0.047
 3134	     0.064
 3135	     0.047
 3136	     0.061
 3137	     0.064
 3138	     0.068
 3139	     0.070
 3140	     0.056
 3141	     0.046
 3142	     0.067
 3143	     0.049
 3144	     0.059
 3145	     0.062
 3146	     0.061
 3147	     0.051
 3148	     0.052
 3149	     0.069
 3150	     0.058
 3151	     0.056
 3152	     0.058
 3153	     0.061
 3154	     0.046
 3155	     0.064
 3156	     0.068
 3157	     0.071
 3158	     0.066
 3159	     0.068
 3160	     0.055
 3161	     0.048
 3162	     0.048
 3163	     0.052
 3164	     0.052
 3165	     0.067
 3166	     0.058
 3167	     0.046
 3168	     0.045
 3169	     0.048
 3170	     0.060
 3171	     0.054
 3172	     0.047
 3173	     0.048
 3174	     0.064
 3175	     0.046
 3176	     0.058
 3177	     0.049
 3178	     0.072
 3179	     0.046
 3180	     0.048
 3181	     0.053
 3182	     0.046
 3183	     0.049
 3184	     0.059
 3185	     0.067
 3186	     0.051
 3187	     0.048
 3188	     0.060
 3189	     0.075
 3190	     0.086
 3191	     0.052
 3192	     0.066
 3193	     0.069
 3194	     0.052
 3195	     0.053
 3196	     0.073
 3197	     0.077
 3198	     0.053
 3199	     0.066
 3200	     0.069
 3201	     0.067
 3202	     0.077
 3203	     0.060
 3204	     0.061
 3205	     0.067
 3206	     0.058
 3207	     0.057
 3208	     0.072
 3209	     0.070
 3210	     0.076
 3211	     0.054
 3212	     0.044
 3213	     0.069
 3214	     0.059
 3215	     0.055
 3216	     0.068
 3217	     0.063
 3218	     0.068
 3219	     0.046
 3220	     0.046
 3221	     0.068
 3222	     0.061
 3223	     0.071
 3224	     0.077
 3225	     0.066
 3226	     0.069
 3227	     0.046
 3228	     0.051
 3229	     0.049
 3230	     0.055
 3231	     0.052
 3232	     0.066
 3233	     0.067
 3234	     0.070
 3235	     0.067
 3236	     0.050
 3237	     0.064
 3238	     0.045
 3239	     0.046
 3240	     0.047
 3241	     0.066
 3242	     0.062
 3243	     0.074
 3244	     0.051
 3245	     0.053
 3246	     0.044
 3247	     0.047
 3248	     0.052
 3249	     0.064
 3250	     0.048
 3251	     0.064
 3252	     0.066
 3253	     0.053
 3254	     0.045
 3255	     0.055
 3256	     0.072
 3257	     0.058
 3258	     0.055
 3259	     0.064
 3260	     0.065
 3261	     0.045
 3262	     0.048
 3263	     0.062
 3264	     0.061
 3265	     0.043
 3266	     0.053
 3267	     0.068
 3268	     0.065
 3269	     0.049
 3270	     0.053
 3271	     0.044
 3272	     0.045
 3273	     0.045
 3274	     0.068
 3275	     0.064
 3276	     0.064
 3277	     0.043
 3278	     0.045
 3279	     0.045
 3280	     0.044
 3281	     0.050
 3282	     0.058
 3283	     0.062
 3284	     0.054
 3285	     0.047
 3286	     0.044
 3287	     0.057
 3288	     0.044
 3289	     0.051
 3290	     0.043
 3291	     0.049
 3292	     0.056
 3293	     0.057
 3294	     0.046
 3295	     0.063
 3296	     0.047
 3297	     0.047
 3298	     0.047
 3299	     0.057
 3300	     0.047
 3301	     0.054
 3302	     0.058
 3303	     0.045
 3304	     0.044
 3305	     0.049
 3306	     0.045
 3307	     0.050
 3308	     0.050
 3309	     0.072
 3310	     0.065
 3311	     0.043
 3312	     0.062
 3313	     0.050
 3314	     0.045
 3315	     0.051
 3316	     0.057
 3317	     0.048
 3318	     0.062
 3319	     0.065
 3320	     0.068
 3321	     0.046
 3322	     0.052
 3323	     0.061
 3324	     0.057
 3325	     0.043
 3326	     0.066
 3327	     0.048
 3328	     0.054
 3329	     0.061
 3330	     0.046
 3331	     0.064
 3332	     0.050
 3333	     0.055
 3334	     0.065
 3335	     0.043
 3336	     0.062
 3337	     0.063
 3338	     0.041
 3339	     0.065
 3340	     0.055
 3341	     0.052
 3342	     0.067
 3343	     0.046
 3344	     0.063
 3345	     0.064
 3346	     0.053
 3347	     0.064
 3348	     0.045
 3349	     0.041
 3350	     0.042
 3351	     0.061
 3352	     0.065
 3353	     0.066
 3354	     0.051
 3355	     0.061
 3356	     0.046
 3357	     0.058
 3358	     0.058
 3359	     0.056
 3360	     0.065
 3361	     0.056
 3362	     0.042
 3363	     0.049
 3364	     0.047
 3365	     0.051
 3366	     0.055
 3367	     0.048
 3368	     0.065
 3369	     0.041
 3370	     0.042
 3371	     0.053
 3372	     0.058
 3373	     0.054
 3374	     0.039
 3375	     0.044
 3376	     0.045
 3377	     0.040
 3378	     0.042
 3379	     0.064
 3380	     0.045
 3381	     0.046
 3382	     0.042
 3383	     0.043
 3384	     0.054
 3385	     0.045
 3386	     0.046
 3387	     0.040
 3388	     0.046
 3389	     0.046
 3390	     0.041
 3391	     0.052
 3392	     0.049
 3393	     0.058
 3394	     0.062
 3395	     0.039
 3396	     0.040
 3397	     0.039
 3398	     0.051
 3399	     0.042
 3400	     0.055
 3401	     0.048
 3402	     0.060
 3403	     0.041
 3404	     0.045
 3405	     0.040
 3406	     0.061
 3407	     0.040
 3408	     0.058
 3409	     0.051
 3410	     0.039
 3411	     0.052
 3412	     0.062
 3413	     0.042
 3414	     0.062
 3415	     0.039
 3416	     0.041
 3417	     0.043
 3418	     0.041
 3419	     0.045
 3420	     0.057
 3421	     0.040
 3422	     0.048
 3423	     0.049
 3424	     0.058
 3425	     0.042
 3426	     0.042
 3427	     0.052
 3428	     0.054
 3429	     0.039
 3430	     0.038
 3431	     0.060
 3432	     0.045
 3433	     0.044
 3434	     0.060
 3435	     0.057
 3436	     0.041
 3437	     0.040
 3438	     0.037
 3439	     0.060
 3440	     0.046
 3441	     0.051
 3442	     0.054
 3443	     0.059
 3444	     0.042
 3445	     0.040
 3446	     0.051
 3447	     0.047
 3448	     0.038
 3449	     0.059
 3450	     0.038
 3451	     0.052
 3452	     0.058
 3453	     0.049
 3454	     0.049
 3455	     0.055
 3456	     0.039
 3457	     0.056
 3458	     0.040
 3459	     0.045
 3460	     0.060
 3461	     0.058
 3462	     0.039
 3463	     0.044
 3464	     0.054
 3465	     0.042
 3466	     0.038
 3467	     0.037
 3468	     0.052
 3469	     0.055
 3470	     0.056
 3471	     0.043
 3472	     0.039
 3473	     0.041
 3474	     0.037
 3475	     0.042
 3476	     0.059
 3477	     0.060
 3478	     0.038
 3479	     0.040
 3480	     0.037
 3481	     0.053
 3482	     0.040
 3483	     0.038
 3484	     0.062
 3485	     0.063
 3486	     0.042
 3487	     0.035
 3488	     0.050
 3489	     0.041
 3490	     0.039
 3491	     0.040
 3492	     0.059
 3493	     0.059
 3494	     0.036
 3495	     0.043
 3496	     0.040
 3497	     0.037
 3498	     0.039
 3499	     0.059
 3500	     0.055
 3501	     0.055
 3502	     0.037
 3503	     0.052
 3504	     0.036
 3505	     0.049
 3506	     0.042
 3507	     0.055
 3508	     0.054
 3509	     0.058
 3510	     0.048
 3511	     0.039
 3512	     0.036
 3513	     0.055
 3514	     0.040
 3515	     0.037
 3516	     0.041
 3517	     0.058
 3518	     0.051
 3519	     0.044
 3520	     0.046
 3521	     0.057
 3522	     0.051
 3523	     0.038
 3524	     0.038
 3525	     0.050
 3526	     0.043
 3527	     0.054
 3528	     0.055
 3529	     0.056
 3530	     0.038
 3531	     0.039
 3532	     0.052
 3533	     0.035
 3534	     0.035
 3535	     0.053
 3536	     0.053
 3537	     0.058
 3538	     0.038
 3539	     0.034
 3540	     0.033
 3541	     0.035
 3542	     0.036
 3543	     0.052
 3544	     0.053
 3545	     0.060
 3546	     0.054
 3547	     0.035
 3548	     0.054
 3549	     0.037
 3550	     0.042
 3551	     0.056
 3552	     0.061
 3553	     0.054
 3554	     0.053
 3555	     0.034
 3556	     0.052
 3557	     0.048
 3558	     0.048
 3559	     0.033
 3560	     0.054
 3561	     0.044
 3562	     0.045
 3563	     0.036
 3564	     0.060
 3565	     0.055
 3566	     0.038
 3567	     0.041
 3568	     0.055
 3569	     0.036
 3570	     0.037
 3571	     0.039
 3572	     0.054
 3573	     0.051
 3574	     0.037
 3575	     0.034
 3576	     0.055
 3577	     0.037
 3578	     0.034
 3579	     0.033
 3580	     0.054
 3581	     0.036
 3582	     0.052
 3583	     0.036
 3584	     0.052
 3585	     0.033
 3586	     0.033
 3587	     0.046
 3588	     0.053
 3589	     0.035
 3590	     0.057
 3591	     0.035
 3592	     0.052
 3593	     0.036
 3594	     0.040
 3595	     0.042
 3596	     0.057
 3597	     0.034
 3598	     0.052
 3599	     0.033
 3600	     0.052
 3601	     0.035
 3602	     0.054
 3603	     0.036
 3604	     0.056
 3605	     0.032
 3606	     0.051
 3607	     0.035
 3608	     0.053
 3609	     0.036
 3610	     0.037
 3611	     0.041
 3612	     0.038
 3613	     0.031
 3614	     0.052
 3615	     0.035
 3616	     0.055
 3617	     0.047
 3618	     0.032
 3619	     0.033
 3620	     0.033
 3621	     0.033
 3622	     0.037
 3623	     0.052
 3624	     0.052
 3625	     0.037
 3626	     0.036
 3627	     0.032
 3628	     0.035
 3629	     0.033
 3630	     0.035
 3631	     0.037
 3632	     0.032
 3633	     0.033
 3634	     0.042
 3635	     0.032
 3636	     0.040
 3637	     0.031
 3638	     0.036
 3639	     0.032
 3640	     0.033
 3641	     0.040
 3642	     0.048
 3643	     0.034
 3644	     0.031
 3645	     0.031
 3646	     0.031
 3647	     0.033
 3648	     0.032
 3649	     0.046
 3650	     0.052
 3651	     0.031
 3652	     0.033
 3653	     0.032
 3654	     0.046
 3655	     0.033
 3656	     0.033
 3657	     0.041
 3658	     0.047
 3659	     0.031
 3660	     0.034
 3661	     0.033
 3662	     0.038
 3663	     0.041
 3664	     0.044
 3665	     0.047
 3666	     0.050
 3667	     0.035
 3668	     0.035
 3669	     0.032
 3670	     0.032
 3671	     0.047
 3672	     0.040
 3673	     0.047
 3674	     0.036
 3675	     0.033
 3676	     0.032
 3677	     0.045
 3678	     0.029
 3679	     0.033
 3680	     0.039
 3681	     0.033
 3682	     0.035
 3683	     0.031
 3684	     0.037
 3685	     0.043
 3686	     0.040
 3687	     0.048
 3688	     0.049
 3689	     0.035
 3690	     0.030
 3691	     0.045
 3692	     0.045
 3693	     0.046
 3694	     0.046
 3695	     0.051
 3696	     0.042
 3697	     0.035
 3698	     0.040
 3699	     0.047
 3700	     0.033
 3701	     0.035
 3702	     0.035
 3703	     0.043
 3704	     0.028
 3705	     0.045
 3706	     0.046
 3707	     0.045
 3708	     0.029
 3709	     0.051
 3710	     0.028
 3711	     0.033
 3712	     0.028
 3713	     0.039
 3714	     0.048
 3715	     0.050
 3716	     0.029
 3717	     0.039
 3718	     0.039
 3719	     0.028
 3720	     0.030
 3721	     0.031
 3722	     0.049
 3723	     0.045
 3724	     0.028
 3725	     0.028
 3726	     0.044
 3727	     0.033
 3728	     0.029
 3729	     0.041
 3730	     0.045
 3731	     0.050
 3732	     0.038
 3733	     0.032
 3734	     0.045
 3735	     0.035
 3736	     0.027
 3737	     0.042
 3738	     0.043
 3739	     0.034
 3740	     0.047
 3741	     0.044
 3742	     0.048
 3743	     0.028
 3744	     0.027
 3745	     0.043
 3746	     0.044
 3747	     0.039
 3748	     0.044
 3749	     0.041
 3750	     0.042
 3751	     0.027
 3752	     0.027
 3753	     0.043
 3754	     0.033
 3755	     0.041
 3756	     0.042
 3757	     0.042
 3758	     0.035
 3759	     0.027
 3760	     0.028
 3761	     0.045
 3762	     0.026
 3763	     0.041
 3764	     0.041
 3765	     0.042
 3766	     0.041
 3767	     0.028
 3768	     0.028
 3769	     0.041
 3770	     0.037
 3771	     0.031
 3772	     0.037
 3773	     0.046
 3774	     0.042
 3775	     0.025
 3776	     0.026
 3777	     0.031
 3778	     0.042
 3779	     0.026
 3780	     0.033
 3781	     0.028
 3782	     0.027
 3783	     0.026
 3784	     0.025
 3785	     0.042
 3786	     0.044
 3787	     0.029
 3788	     0.027
 3789	     0.026
 3790	     0.025
 3791	     0.031
 3792	     0.026
 3793	     0.039
 3794	     0.043
 3795	     0.025
 3796	     0.025
 3797	     0.032
 3798	     0.026
 3799	     0.027
 3800	     0.028
 3801	     0.028
 3802	     0.035
 3803	     0.026
 3804	     0.025
 3805	     0.040
 3806	     0.027
 3807	     0.027
 3808	     0.026
 3809	     0.024
 3810	     0.025
 3811	     0.025
 3812	     0.025
 3813	     0.036
 3814	     0.025
 3815	     0.032
 3816	     0.024
 3817	     0.026
 3818	     0.026
 3819	     0.025
 3820	     0.027
 3821	     0.037
 3822	     0.023
 3823	     0.036
 3824	     0.024
 3825	     0.024
 3826	     0.025
 3827	     0.028
 3828	     0.023
 3829	     0.036
 3830	     0.024
 3831	     0.037
 3832	     0.031
 3833	     0.029
 3834	     0.023
 3835	     0.023
 3836	     0.024
 3837	     0.035
 3838	     0.023
 3839	     0.037
 3840	     0.039
 3841	     0.035
 3842	     0.023
 3843	     0.022
 3844	     0.026
 3845	     0.026
 3846	     0.025
 3847	     0.024
 3848	     0.034
 3849	     0.034
 3850	     0.036
 3851	     0.024
 3852	     0.031
 3853	     0.026
 3854	     0.022
 3855	     0.022
 3856	     0.035
 3857	     0.037
 3858	     0.034
 3859	     0.025
 3860	     0.023
 3861	     0.022
 3862	     0.023
 3863	     0.022
 3864	     0.034
 3865	     0.040
 3866	     0.035
 3867	     0.025
 3868	     0.022
 3869	     0.022
 3870	     0.033
 3871	     0.024
 3872	     0.035
 3873	     0.026
 3874	     0.026
 3875	     0.025
 3876	     0.028
 3877	     0.031
 3878	     0.023
 3879	     0.023
 3880	     0.033
 3881	     0.022
 3882	     0.020
 3883	     0.023
 3884	     0.023
 3885	     0.034
 3886	     0.027
 3887	     0.025
 3888	     0.033
 3889	     0.022
 3890	     0.021
 3891	     0.030
 3892	     0.022
 3893	     0.032
 3894	     0.032
 3895	     0.036
 3896	     0.028
 3897	     0.022
 3898	     0.021
 3899	     0.036
 3900	     0.020
 3901	     0.029
 3902	     0.033
 3903	     0.021
 3904	     0.030
 3905	     0.021
 3906	     0.025
 3907	     0.032
 3908	     0.020
 3909	     0.028
 3910	     0.034
 3911	     0.022
 3912	     0.031
 3913	     0.020
 3914	     0.020
 3915	     0.022
 3916	     0.020
 3917	     0.026
 3918	     0.024
 3919	     0.025
 3920	     0.030
 3921	     0.020
 3922	     0.027
 3923	     0.020
 3924	     0.023
 3925	     0.023
 3926	     0.021
 3927	     0.020
 3928	     0.029
 3929	     0.032
 3930	     0.032
 3931	     0.019
 3932	     0.034
 3933	     0.019
 3934	     0.019
 3935	     0.020
 3936	     0.030
 3937	     0.032
 3938	     0.030
 3939	     0.019
 3940	     0.030
 3941	     0.019
 3942	     0.019
 3943	     0.021
 3944	     0.032
 3945	     0.029
 3946	     0.029
 3947	     0.019
 3948	     0.029
 3949	     0.019
 3950	     0.019
 3951	     0.020
 3952	     0.029
 3953	     0.028
 3954	     0.027
 3955	     0.019
 3956	     0.032
 3957	     0.018
 3958	     0.018
 3959	     0.027
 3960	     0.029
 3961	     0.027
 3962	     0.023
 3963	     0.018
 3964	     0.028
 3965	     0.020
 3966	     0.018
 3967	     0.028
 3968	     0.029
 3969	     0.027
 3970	     0.030
 3971	     0.017
 3972	     0.025
 3973	     0.017
 3974	     0.017
 3975	     0.028
 3976	     0.030
 3977	     0.027
 3978	     0.028
 3979	     0.016
 3980	     0.027
 3981	     0.017
 3982	     0.017
 3983	     0.029
 3984	     0.029
 3985	     0.025
 3986	     0.017
 3987	     0.016
 3988	     0.025
 3989	     0.017
 3990	     0.017
 3991	     0.029
 3992	     0.025
 3993	     0.024
 3994	     0.016
 3995	     0.016
 3996	     0.018
 3997	     0.024
 3998	     0.015
 3999	     0.024
 4000	     0.025
 4001	     0.024
 4002	     0.016
 4003	     0.016
 4004	     0.018
 4005	     0.023
 4006	     0.015
 4007	     0.024
 4008	     0.023
 4009	     0.017
 4010	     0.016
 4011	     0.015
 4012	     0.015
 4013	     0.022
 4014	     0.015
 4015	     0.024
 4016	     0.024
 4017	     0.015
 4018	     0.015
 4019	     0.014
 4020	     0.015
 4021	     0.021
 4022	     0.015
 4023	     0.022
 4024	     0.026
 4025	     0.016
 4026	     0.014
 4027	     0.014
 4028	     0.015
 4029	     0.022
 4030	     0.015
 4031	     0.021
 4032	     0.022
 4033	     0.016
 4034	     0.015
 4035	     0.015
 4036	     0.023
 4037	     0.022
 4038	     0.013
 4039	     0.021
 4040	     0.022
 4041	     0.016
 4042	     0.023
 4043	     0.014
 4044	     0.021
 4045	     0.020
 4046	     0.013
 4047	     0.020
 4048	     0.018
 4049	     0.014
 4050	     0.021
 4051	     0.013
 4052	     0.021
 4053	     0.013
 4054	     0.013
 4055	     0.019
 4056	     0.013
 4057	     0.016
 4058	     0.020
 4059	     0.012
 4060	     0.020
 4061	     0.012
 4062	     0.015
 4063	     0.021
 4064	     0.018
 4065	     0.014
 4066	     0.019
 4067	     0.012
 4068	     0.021
 4069	     0.011
 4070	     0.013
 4071	     0.019
 4072	     0.019
 4073	     0.013
 4074	     0.019
 4075	     0.012
 4076	     0.022
 4077	     0.011
 4078	     0.013
 4079	     0.019
 4080	     0.019
 4081	     0.013
 4082	     0.019
 4083	     0.013
 4084	     0.018
 4085	     0.011
 4086	     0.015
 4087	     0.019
 4088	     0.020
 4089	     0.013
 4090	     0.017
 4091	     0.011
 4092	     0.018
 4093	     0.011
 4094	     0.015
 4095	     0.020
 4096	     0.018
 4097	     0.011
 4098	     0.014
 4099	     0.011
 4100	     0.017
 4101	     0.011
 4102	     0.013
 4103	     0.017
 4104	     0.016
 4105	     0.011
 4106	     0.010
 4107	     0.011
 4108	     0.019
 4109	     0.011
 4110	     0.010
 4111	     0.016
 4112	     0.016
 4113	     0.010
 4114	     0.009
 4115	     0.010
 4116	     0.015
 4117	     0.009
 4118	     0.009
 4119	     0.015
 4120	     0.016
 4121	     0.010
 4122	     0.010
 4123	     0.009
 4124	     0.015
 4125	     0.009
 4126	     0.010
 4127	     0.015
 4128	     0.016
 4129	     0.009
 4130	     0.008
 4131	     0.009
 4132	     0.014
 4133	     0.009
 4134	     0.010
 4135	     0.014
 4136	     0.013
 4137	     0.008
 4138	     0.008
 4139	     0.008
 4140	     0.014
 4141	     0.009
 4142	     0.009
 4143	     0.013
 4144	     0.012
 4145	     0.009
 4146	     0.007
 4147	     0.007
 4148	     0.013
 4149	     0.008
 4150	     0.008
 4151	     0.012
 4152	     0.013
 4153	     0.008
 4154	     0.007
 4155	     0.008
 4156	     0.007
 4157	     0.007
 4158	     0.008
 4159	     0.013
 4160	     0.011
 4161	     0.007
 4162	     0.006
 4163	     0.010
 4164	     0.008
 4165	     0.007
 4166	     0.007
 4167	     0.013
 4168	     0.012
 4169	     0.006
 4170	     0.006
 4171	     0.009
 4172	     0.007
 4173	     0.007
 4174	     0.007
 4175	     0.010
 4176	     0.010
 4177	     0.006
 4178	     0.006
 4179	     0.008
 4180	     0.007
 4181	     0.006
 4182	     0.006
 4183	     0.009
 4184	     0.007
 4185	     0.005
 4186	     0.006
 4187	     0.007
 4188	     0.005
 4189	     0.005
 4190	     0.005
 4191	     0.009
 4192	     0.005
 4193	     0.006
 4194	     0.006
 4195	     0.005
 4196	     0.005
 4197	     0.005
 4198	     0.005
 4199	     0.009
 4200	     0.005
 4201	     0.006
 4202	     0.005
 4203	     0.005
 4204	     0.006
 4205	     0.005
 4206	     0.005
 4207	     0.008
 4208	     0.004
 4209	     0.005
 4210	     0.005
 4211	     0.004
 4212	     0.008
 4213	     0.007
 4214	     0.005
 4215	     0.006
 4216	     0.004
 4217	     0.004
 4218	     0.004
 4219	     0.004
 4220	     0.006
 4221	     0.006
 4222	     0.004
 4223	     0.006
 4224	     0.004
 4225	     0.004
 4226	     0.004
 4227	     0.004
 4228	     0.006
 4229	     0.005
 4230	     0.004
 4231	     0.006
 4232	     0.003
 4233	     0.003
 4234	     0.003
 4235	     0.003
 4236	     0.005
 4237	     0.003
 4238	     0.003
 4239	     0.005
 4240	     0.003
 4241	     0.003
 4242	     0.002
 4243	     0.003
 4244	     0.004
 4245	     0.003
 4246	     0.003
 4247	     0.003
 4248	     0.002
 4249	     0.003
 4250	     0.002
 4251	     0.002
 4252	     0.004
 4253	     0.002
 4254	     0.002
 4255	     0.002
 4256	     0.002
 4257	     0.002
 4258	     0.002
 4259	     0.002
 4260	     0.002
 4261	     0.001
 4262	     0.001
 4263	     0.002
 4264	     0.001
 4265	     0.001
 4266	     0.001
 4267	     0.001
 4268	     0.002
 4269	     0.001
 4270	     0.001
 4271	     0.001
 4272	     0.001
 4273	     0.001
 4274	     0.001
 4275	     0.001
 4276	     0.001
 4277	     0.001
 4278	     0.000
 4279	     0.000
 4280	     0.001
 4281	     0.000
 4282	     0.000
 4283	     0.000
